agno,grado,rbd,ind_am,ind_cc,ind_hv,ind_pf
2016,2m,1,69,61,63,68
2016,2m,4,74,74,68,79
2016,2m,5,76,74,59,74
2016,2m,7,70,70,65,71
2016,2m,8,74,72,66,75
2016,2m,15,65,69,73,68
2016,2m,25,73,69,68,71
2016,2m,32,74,,72,76
2016,2m,45,75,81,73,81
2016,2m,50,75,84,84,82
2016,2m,52,75,74,68,77
2016,2m,56,77,76,69,78
2016,2m,59,72,69,72,76
2016,2m,60,75,74,62,75
2016,2m,67,72,79,65,73
2016,2m,69,77,76,67,78
2016,2m,72,57,65,60,69
2016,2m,78,73,72,69,74
2016,2m,97,71,70,61,70
2016,2m,103,71,74,70,80
2016,2m,106,78,77,76,85
2016,2m,107,72,70,61,71
2016,2m,108,70,64,61,68
2016,2m,109,72,63,53,60
2016,2m,110,72,73,56,76
2016,2m,124,75,72,63,72
2016,2m,125,71,62,67,62
2016,2m,127,72,83,74,82
2016,2m,129,76,71,67,75
2016,2m,130,76,71,58,56
2016,2m,131,75,72,71,71
2016,2m,132,76,73,66,77
2016,2m,133,73,80,82,76
2016,2m,134,73,62,51,49
2016,2m,144,73,64,65,71
2016,2m,161,74,68,73,81
2016,2m,178,75,,76,73
2016,2m,191,74,67,64,72
2016,2m,199,72,75,68,75
2016,2m,200,73,72,71,74
2016,2m,208,74,68,70,73
2016,2m,211,77,73,76,75
2016,2m,217,79,81,70,80
2016,2m,218,75,72,70,77
2016,2m,219,77,74,73,78
2016,2m,220,76,73,73,77
2016,2m,253,78,76,76,76
2016,2m,254,75,80,70,83
2016,2m,255,71,71,72,76
2016,2m,256,77,79,66,80
2016,2m,257,74,76,71,78
2016,2m,270,72,79,66,83
2016,2m,279,75,74,72,77
2016,2m,280,73,66,70,67
2016,2m,283,74,70,71,74
2016,2m,284,74,69,69,72
2016,2m,285,72,68,67,72
2016,2m,286,72,68,68,73
2016,2m,287,72,69,68,72
2016,2m,304,76,79,76,80
2016,2m,320,73,68,68,78
2016,2m,329,72,,74,79
2016,2m,335,72,68,68,68
2016,2m,336,71,73,62,77
2016,2m,337,78,79,75,79
2016,2m,341,76,78,77,76
2016,2m,342,74,80,71,82
2016,2m,344,79,80,72,79
2016,2m,350,81,80,71,82
2016,2m,355,75,76,70,77
2016,2m,356,79,82,83,88
2016,2m,357,75,73,68,84
2016,2m,358,75,83,73,84
2016,2m,361,74,79,74,75
2016,2m,364,77,80,75,79
2016,2m,365,78,75,74,79
2016,2m,366,79,77,62,78
2016,2m,367,76,68,70,73
2016,2m,372,75,,69,78
2016,2m,373,80,74,72,77
2016,2m,379,73,67,65,74
2016,2m,384,75,72,65,77
2016,2m,392,76,65,70,73
2016,2m,396,70,69,61,73
2016,2m,399,70,68,65,71
2016,2m,400,71,79,71,81
2016,2m,415,72,77,67,78
2016,2m,429,76,74,68,76
2016,2m,430,76,75,73,77
2016,2m,431,76,78,75,81
2016,2m,433,77,79,75,80
2016,2m,437,75,78,69,83
2016,2m,438,76,72,72,78
2016,2m,440,73,74,68,72
2016,2m,441,72,60,64,75
2016,2m,448,75,70,73,75
2016,2m,449,72,64,66,71
2016,2m,478,74,84,74,83
2016,2m,479,77,76,72,78
2016,2m,486,77,74,66,76
2016,2m,516,75,71,69,74
2016,2m,517,75,80,72,83
2016,2m,518,74,77,77,79
2016,2m,526,72,78,71,75
2016,2m,530,74,73,69,74
2016,2m,531,75,72,68,78
2016,2m,535,72,64,64,73
2016,2m,565,72,76,76,73
2016,2m,567,80,88,75,89
2016,2m,568,69,81,65,81
2016,2m,570,75,87,80,83
2016,2m,573,79,84,74,84
2016,2m,574,75,73,70,79
2016,2m,575,75,84,76,84
2016,2m,578,71,75,72,79
2016,2m,579,77,82,69,83
2016,2m,580,78,86,75,88
2016,2m,581,74,69,54,71
2016,2m,582,76,82,80,85
2016,2m,583,75,83,70,86
2016,2m,585,78,85,76,89
2016,2m,587,83,87,73,88
2016,2m,589,76,79,78,81
2016,2m,590,74,83,70,79
2016,2m,591,79,79,78,84
2016,2m,609,76,77,71,79
2016,2m,610,73,71,66,73
2016,2m,611,73,71,67,77
2016,2m,613,73,,67,74
2016,2m,629,75,74,73,78
2016,2m,646,73,70,67,73
2016,2m,647,70,71,53,71
2016,2m,648,79,83,70,84
2016,2m,649,76,80,74,80
2016,2m,656,72,74,66,77
2016,2m,664,79,,81,83
2016,2m,665,74,73,75,77
2016,2m,690,74,79,73,78
2016,2m,701,70,68,69,65
2016,2m,704,75,79,72,81
2016,2m,705,72,74,69,80
2016,2m,763,74,76,70,80
2016,2m,766,77,78,76,85
2016,2m,767,74,73,68,74
2016,2m,768,74,85,76,84
2016,2m,769,73,82,81,82
2016,2m,770,77,81,76,84
2016,2m,772,78,80,73,84
2016,2m,774,72,72,74,78
2016,2m,799,74,72,73,75
2016,2m,802,71,72,69,77
2016,2m,845,73,69,75,76
2016,2m,967,75,73,78,81
2016,2m,968,71,65,70,74
2016,2m,982,72,74,69,77
2016,2m,987,73,75,69,78
2016,2m,988,72,76,75,76
2016,2m,1013,69,69,76,78
2016,2m,1036,73,77,73,82
2016,2m,1048,73,67,71,73
2016,2m,1119,80,79,76,77
2016,2m,1121,71,67,63,72
2016,2m,1123,69,66,71,71
2016,2m,1148,72,,76,82
2016,2m,1149,78,77,83,85
2016,2m,1164,76,79,77,83
2016,2m,1167,69,69,70,71
2016,2m,1183,69,74,68,75
2016,2m,1190,72,77,70,80
2016,2m,1194,74,71,69,77
2016,2m,1195,75,77,66,78
2016,2m,1196,72,69,72,75
2016,2m,1198,87,,83,90
2016,2m,1199,71,75,72,78
2016,2m,1213,73,73,72,77
2016,2m,1214,71,80,72,80
2016,2m,1225,76,81,75,85
2016,2m,1226,67,69,63,64
2016,2m,1255,79,78,80,83
2016,2m,1260,72,71,70,78
2016,2m,1261,72,74,68,76
2016,2m,1262,79,84,74,85
2016,2m,1263,72,77,69,78
2016,2m,1264,73,75,67,80
2016,2m,1288,78,82,80,88
2016,2m,1289,71,64,70,74
2016,2m,1290,77,87,81,86
2016,2m,1291,75,86,76,81
2016,2m,1294,81,83,66,86
2016,2m,1300,76,75,68,79
2016,2m,1301,74,70,66,74
2016,2m,1302,72,68,70,73
2016,2m,1318,68,66,64,75
2016,2m,1327,77,80,75,80
2016,2m,1335,73,71,69,75
2016,2m,1347,76,80,74,85
2016,2m,1354,78,,80,88
2016,2m,1361,72,74,71,79
2016,2m,1362,74,75,78,81
2016,2m,1363,69,64,65,66
2016,2m,1364,72,81,76,81
2016,2m,1366,72,72,72,75
2016,2m,1371,82,87,79,90
2016,2m,1391,72,69,64,68
2016,2m,1392,76,82,71,81
2016,2m,1393,73,81,66,80
2016,2m,1395,71,77,71,83
2016,2m,1397,72,73,69,81
2016,2m,1400,72,51,67,53
2016,2m,1403,77,82,67,82
2016,2m,1404,78,80,69,84
2016,2m,1405,75,76,79,82
2016,2m,1412,75,79,73,79
2016,2m,1414,67,69,64,68
2016,2m,1421,73,76,68,81
2016,2m,1422,73,72,72,82
2016,2m,1425,69,71,67,74
2016,2m,1436,74,78,75,79
2016,2m,1437,73,77,73,81
2016,2m,1443,75,75,66,82
2016,2m,1444,72,72,70,78
2016,2m,1449,70,67,68,69
2016,2m,1450,75,73,65,81
2016,2m,1453,74,75,74,77
2016,2m,1464,70,67,67,69
2016,2m,1478,72,75,65,74
2016,2m,1481,78,76,75,78
2016,2m,1482,74,,73,75
2016,2m,1489,67,,61,69
2016,2m,1490,75,68,65,70
2016,2m,1500,75,83,74,82
2016,2m,1502,71,61,59,69
2016,2m,1503,76,74,66,79
2016,2m,1504,75,71,61,77
2016,2m,1515,70,72,66,79
2016,2m,1516,70,71,61,75
2016,2m,1517,74,67,61,76
2016,2m,1518,73,68,63,76
2016,2m,1519,70,72,65,77
2016,2m,1520,77,77,73,80
2016,2m,1521,72,70,69,72
2016,2m,1522,72,59,67,64
2016,2m,1525,76,78,74,83
2016,2m,1542,73,76,81,83
2016,2m,1549,76,66,73,76
2016,2m,1579,71,80,62,78
2016,2m,1580,73,79,66,79
2016,2m,1581,73,79,70,82
2016,2m,1582,74,75,68,77
2016,2m,1585,75,75,67,77
2016,2m,1586,71,76,61,78
2016,2m,1587,75,79,75,78
2016,2m,1588,74,70,55,63
2016,2m,1590,76,76,68,83
2016,2m,1594,71,71,73,74
2016,2m,1604,74,77,78,83
2016,2m,1607,71,70,74,76
2016,2m,1610,73,79,82,82
2016,2m,1619,69,,71,74
2016,2m,1629,71,79,61,79
2016,2m,1631,76,76,76,81
2016,2m,1632,74,76,66,79
2016,2m,1634,74,,71,83
2016,2m,1635,72,75,62,70
2016,2m,1638,83,86,86,92
2016,2m,1641,79,77,72,81
2016,2m,1653,75,82,74,83
2016,2m,1663,73,70,64,72
2016,2m,1664,69,64,63,71
2016,2m,1672,73,70,70,77
2016,2m,1674,67,70,65,71
2016,2m,1675,69,70,68,72
2016,2m,1676,70,69,66,71
2016,2m,1681,74,74,70,76
2016,2m,1685,74,72,66,79
2016,2m,1734,76,78,73,83
2016,2m,1735,76,83,73,85
2016,2m,1738,77,82,68,78
2016,2m,1739,74,77,66,77
2016,2m,1741,71,76,64,75
2016,2m,1742,71,76,67,73
2016,2m,1743,71,73,69,73
2016,2m,1747,76,86,68,85
2016,2m,1749,71,72,67,72
2016,2m,1750,75,80,75,83
2016,2m,1755,76,78,77,77
2016,2m,1756,73,81,79,80
2016,2m,1757,72,73,68,75
2016,2m,1761,77,77,65,77
2016,2m,1769,73,80,64,72
2016,2m,1774,77,80,73,84
2016,2m,1775,74,69,78,76
2016,2m,1776,78,85,75,83
2016,2m,1777,76,73,70,78
2016,2m,1780,74,,77,81
2016,2m,1781,75,81,76,86
2016,2m,1783,74,82,75,84
2016,2m,1787,70,78,64,69
2016,2m,1788,77,84,81,86
2016,2m,1789,65,65,54,65
2016,2m,1791,79,82,74,86
2016,2m,1792,78,78,76,80
2016,2m,1795,79,77,70,80
2016,2m,1796,73,79,75,78
2016,2m,1801,76,73,68,80
2016,2m,1839,81,79,72,86
2016,2m,1844,71,85,68,80
2016,2m,1851,72,73,70,77
2016,2m,1858,72,76,72,78
2016,2m,1859,74,74,66,71
2016,2m,1860,75,77,68,79
2016,2m,1863,69,62,67,58
2016,2m,1864,73,71,70,76
2016,2m,1880,68,73,63,74
2016,2m,1882,66,70,63,72
2016,2m,1884,70,66,67,69
2016,2m,1887,73,72,72,80
2016,2m,1895,67,68,64,72
2016,2m,1908,71,75,70,72
2016,2m,1909,73,73,69,74
2016,2m,1911,71,82,77,81
2016,2m,1918,76,79,76,78
2016,2m,1919,74,81,68,80
2016,2m,1923,72,80,71,79
2016,2m,1934,74,80,75,84
2016,2m,1937,79,78,66,77
2016,2m,1941,73,72,66,74
2016,2m,1958,69,67,61,71
2016,2m,1959,75,,73,79
2016,2m,1967,75,82,72,84
2016,2m,1969,71,66,65,69
2016,2m,1971,68,67,67,69
2016,2m,1977,77,75,67,77
2016,2m,1980,71,81,72,79
2016,2m,1987,69,69,65,72
2016,2m,1989,75,77,73,85
2016,2m,1996,72,70,72,76
2016,2m,1997,77,83,81,86
2016,2m,2007,71,,69,76
2016,2m,2009,73,68,77,75
2016,2m,2012,67,63,62,68
2016,2m,2013,74,72,71,77
2016,2m,2018,75,75,78,80
2016,2m,2019,75,,65,80
2016,2m,2035,79,78,79,74
2016,2m,2040,71,78,71,83
2016,2m,2041,67,77,73,79
2016,2m,2042,72,77,70,78
2016,2m,2043,80,82,82,83
2016,2m,2044,72,73,70,79
2016,2m,2045,77,82,65,85
2016,2m,2047,73,75,65,78
2016,2m,2048,83,80,61,81
2016,2m,2049,72,80,66,82
2016,2m,2050,72,70,66,75
2016,2m,2052,72,62,70,76
2016,2m,2055,75,79,72,81
2016,2m,2057,72,59,59,54
2016,2m,2064,73,68,72,73
2016,2m,2066,75,74,76,77
2016,2m,2075,66,62,64,70
2016,2m,2078,75,66,67,70
2016,2m,2090,72,76,69,79
2016,2m,2091,73,70,70,73
2016,2m,2099,76,87,78,85
2016,2m,2102,74,74,72,78
2016,2m,2103,74,76,71,79
2016,2m,2104,74,70,66,77
2016,2m,2105,75,75,75,80
2016,2m,2109,78,84,80,86
2016,2m,2110,76,78,68,81
2016,2m,2111,72,69,72,76
2016,2m,2123,74,71,72,76
2016,2m,2124,77,78,75,82
2016,2m,2134,75,72,73,74
2016,2m,2150,72,77,71,79
2016,2m,2153,71,,58,72
2016,2m,2163,72,73,66,77
2016,2m,2164,75,74,77,78
2016,2m,2165,78,83,87,90
2016,2m,2166,75,71,70,75
2016,2m,2167,77,70,67,65
2016,2m,2170,80,84,77,88
2016,2m,2171,76,76,52,53
2016,2m,2173,70,67,67,73
2016,2m,2183,75,81,71,82
2016,2m,2185,71,65,50,55
2016,2m,2194,77,81,81,86
2016,2m,2198,70,75,63,74
2016,2m,2200,78,83,80,82
2016,2m,2205,73,71,67,79
2016,2m,2206,68,68,63,73
2016,2m,2217,66,71,63,73
2016,2m,2218,71,79,71,83
2016,2m,2219,76,76,75,80
2016,2m,2222,73,66,65,72
2016,2m,2224,74,72,70,78
2016,2m,2244,69,71,61,69
2016,2m,2259,73,80,68,73
2016,2m,2260,77,81,76,90
2016,2m,2278,74,81,71,82
2016,2m,2280,75,76,71,78
2016,2m,2283,71,67,66,72
2016,2m,2308,73,75,70,74
2016,2m,2309,79,80,76,85
2016,2m,2319,69,73,73,78
2016,2m,2326,76,82,77,83
2016,2m,2329,75,83,74,85
2016,2m,2339,75,81,76,86
2016,2m,2355,81,81,76,87
2016,2m,2356,80,87,79,89
2016,2m,2375,69,66,68,71
2016,2m,2378,72,67,69,76
2016,2m,2401,74,73,72,79
2016,2m,2406,72,75,68,78
2016,2m,2411,72,67,70,77
2016,2m,2422,72,71,73,75
2016,2m,2442,73,78,73,80
2016,2m,2443,74,79,73,79
2016,2m,2444,74,75,69,75
2016,2m,2447,72,71,68,78
2016,2m,2448,71,71,66,72
2016,2m,2453,72,75,74,80
2016,2m,2454,77,77,73,82
2016,2m,2455,76,79,72,82
2016,2m,2482,79,82,76,86
2016,2m,2485,77,74,71,79
2016,2m,2486,73,72,72,75
2016,2m,2514,81,86,80,88
2016,2m,2518,75,77,75,83
2016,2m,2530,70,71,72,78
2016,2m,2551,69,67,71,73
2016,2m,2552,75,76,73,80
2016,2m,2579,75,79,78,88
2016,2m,2580,78,83,75,85
2016,2m,2583,73,77,75,82
2016,2m,2612,66,67,71,74
2016,2m,2625,72,77,72,80
2016,2m,2635,70,75,75,78
2016,2m,2656,76,79,78,85
2016,2m,2657,71,70,72,73
2016,2m,2681,79,75,70,80
2016,2m,2701,73,74,68,75
2016,2m,2732,74,72,72,76
2016,2m,2733,65,66,65,60
2016,2m,2737,73,75,72,82
2016,2m,2782,75,82,79,81
2016,2m,2785,75,75,71,77
2016,2m,2786,73,82,76,85
2016,2m,2787,77,79,77,81
2016,2m,2789,77,78,75,77
2016,2m,2790,75,79,80,90
2016,2m,2793,72,74,71,77
2016,2m,2794,71,67,68,71
2016,2m,2833,74,75,72,81
2016,2m,2835,74,72,69,79
2016,2m,2836,71,70,71,74
2016,2m,2863,76,79,73,75
2016,2m,2864,69,62,67,70
2016,2m,2865,81,83,81,87
2016,2m,2882,77,75,75,79
2016,2m,2896,72,73,72,77
2016,2m,2908,74,70,69,77
2016,2m,2909,77,71,76,79
2016,2m,2910,72,70,68,78
2016,2m,2930,70,75,71,79
2016,2m,2934,74,73,70,79
2016,2m,2935,73,72,70,74
2016,2m,2937,71,68,68,77
2016,2m,2938,72,71,72,75
2016,2m,2939,69,68,62,70
2016,2m,2940,70,73,62,78
2016,2m,2943,74,71,68,79
2016,2m,2973,75,77,72,80
2016,2m,2974,73,73,79,81
2016,2m,2979,69,67,74,74
2016,2m,2991,75,79,71,79
2016,2m,2992,73,72,72,73
2016,2m,2995,75,83,75,83
2016,2m,3003,80,76,68,74
2016,2m,3005,77,85,81,88
2016,2m,3006,75,80,78,86
2016,2m,3010,75,75,66,77
2016,2m,3012,74,79,71,80
2016,2m,3013,72,72,64,72
2016,2m,3014,76,80,79,84
2016,2m,3015,82,86,77,83
2016,2m,3016,73,75,78,82
2016,2m,3033,75,76,76,80
2016,2m,3055,73,69,70,74
2016,2m,3059,79,86,81,89
2016,2m,3108,73,77,72,85
2016,2m,3126,76,81,71,86
2016,2m,3127,78,80,70,89
2016,2m,3128,72,70,69,76
2016,2m,3138,68,67,71,74
2016,2m,3163,75,76,70,79
2016,2m,3165,73,70,69,74
2016,2m,3172,73,74,75,78
2016,2m,3173,74,70,76,75
2016,2m,3202,76,76,71,77
2016,2m,3204,87,86,83,87
2016,2m,3205,69,71,75,74
2016,2m,3247,77,78,69,79
2016,2m,3248,75,74,72,78
2016,2m,3252,72,72,66,76
2016,2m,3290,77,82,76,84
2016,2m,3296,75,78,76,82
2016,2m,3298,78,83,70,86
2016,2m,3300,73,74,69,80
2016,2m,3302,80,90,80,89
2016,2m,3303,77,81,64,83
2016,2m,3304,83,89,85,91
2016,2m,3305,69,64,63,70
2016,2m,3308,77,76,76,82
2016,2m,3311,78,76,69,77
2016,2m,3313,76,73,71,76
2016,2m,3317,71,77,69,75
2016,2m,3327,76,80,79,85
2016,2m,3328,73,71,70,75
2016,2m,3348,72,74,68,77
2016,2m,3359,75,70,71,77
2016,2m,3387,70,72,69,75
2016,2m,3400,79,75,71,80
2016,2m,3430,74,75,72,79
2016,2m,3431,73,82,77,84
2016,2m,3432,75,77,74,78
2016,2m,3433,80,85,79,87
2016,2m,3434,76,81,79,82
2016,2m,3442,78,86,73,85
2016,2m,3443,72,77,75,83
2016,2m,3460,72,79,76,83
2016,2m,3461,71,70,69,76
2016,2m,3478,72,73,76,76
2016,2m,3479,72,72,70,77
2016,2m,3530,73,82,71,81
2016,2m,3531,79,84,77,85
2016,2m,3533,75,79,79,80
2016,2m,3538,76,72,75,79
2016,2m,3539,78,77,78,81
2016,2m,3540,76,75,69,79
2016,2m,3608,78,80,74,78
2016,2m,3609,75,76,81,82
2016,2m,3618,72,70,71,73
2016,2m,3638,75,72,66,76
2016,2m,3639,78,78,75,82
2016,2m,3640,74,73,70,76
2016,2m,3642,75,77,78,80
2016,2m,3643,77,79,75,84
2016,2m,3656,70,73,71,76
2016,2m,3657,70,73,71,77
2016,2m,3662,81,,85,90
2016,2m,3711,79,83,73,82
2016,2m,3713,75,75,77,81
2016,2m,3718,73,,75,85
2016,2m,3719,72,76,65,73
2016,2m,3720,72,76,63,78
2016,2m,3723,79,78,74,79
2016,2m,3724,78,80,77,83
2016,2m,3728,77,76,65,72
2016,2m,3730,79,80,80,80
2016,2m,3733,72,68,72,73
2016,2m,3734,71,74,62,70
2016,2m,3735,77,82,76,83
2016,2m,3739,77,88,80,85
2016,2m,3742,74,70,74,79
2016,2m,3743,78,83,82,84
2016,2m,3795,77,78,74,75
2016,2m,3796,77,84,78,84
2016,2m,3797,74,80,73,79
2016,2m,3800,81,80,75,86
2016,2m,3802,70,66,71,72
2016,2m,3823,69,74,72,77
2016,2m,3865,75,83,79,78
2016,2m,3871,72,75,70,79
2016,2m,3885,76,82,80,85
2016,2m,3886,74,70,66,76
2016,2m,3887,72,72,71,70
2016,2m,3888,72,75,70,73
2016,2m,3907,75,82,79,82
2016,2m,3909,73,76,78,80
2016,2m,3940,72,72,71,75
2016,2m,3941,69,70,69,74
2016,2m,3960,77,79,66,76
2016,2m,3961,75,71,75,76
2016,2m,3976,71,74,75,76
2016,2m,3977,77,77,70,78
2016,2m,3998,72,69,68,76
2016,2m,4025,71,73,74,80
2016,2m,4032,77,76,77,78
2016,2m,4043,78,76,70,79
2016,2m,4049,75,76,74,81
2016,2m,4084,74,64,70,72
2016,2m,4102,77,76,75,83
2016,2m,4124,76,75,69,79
2016,2m,4140,79,86,84,88
2016,2m,4141,76,88,87,89
2016,2m,4160,79,82,78,83
2016,2m,4162,72,72,72,77
2016,2m,4163,74,77,70,80
2016,2m,4164,75,84,76,84
2016,2m,4165,73,73,68,77
2016,2m,4166,74,74,73,74
2016,2m,4190,73,77,77,82
2016,2m,4195,75,70,76,74
2016,2m,4262,77,79,71,77
2016,2m,4263,79,88,79,90
2016,2m,4269,74,78,73,76
2016,2m,4270,70,65,66,76
2016,2m,4271,70,67,59,66
2016,2m,4277,77,81,75,81
2016,2m,4285,74,77,71,78
2016,2m,4286,79,79,74,83
2016,2m,4287,77,80,71,83
2016,2m,4288,74,72,72,77
2016,2m,4289,73,74,71,79
2016,2m,4307,78,82,73,83
2016,2m,4309,72,73,71,75
2016,2m,4324,75,67,68,73
2016,2m,4331,74,71,73,78
2016,2m,4333,71,76,77,72
2016,2m,4353,73,78,80,81
2016,2m,4382,76,77,72,78
2016,2m,4392,75,80,73,78
2016,2m,4404,73,72,71,76
2016,2m,4408,71,74,71,77
2016,2m,4446,77,73,74,82
2016,2m,4451,69,67,65,71
2016,2m,4483,75,71,68,77
2016,2m,4500,73,72,70,72
2016,2m,4505,72,71,67,75
2016,2m,4507,76,72,76,78
2016,2m,4509,78,77,77,82
2016,2m,4531,72,75,73,81
2016,2m,4533,73,70,65,74
2016,2m,4534,73,72,60,75
2016,2m,4535,71,67,65,74
2016,2m,4536,74,75,69,77
2016,2m,4553,74,75,64,76
2016,2m,4554,69,73,60,72
2016,2m,4557,68,65,63,72
2016,2m,4559,68,69,65,72
2016,2m,4560,71,70,72,74
2016,2m,4561,71,72,73,69
2016,2m,4562,74,71,67,73
2016,2m,4563,74,71,61,72
2016,2m,4564,70,67,60,71
2016,2m,4565,71,75,74,79
2016,2m,4571,69,,68,73
2016,2m,4572,72,64,63,68
2016,2m,4574,69,73,60,72
2016,2m,4575,73,70,71,77
2016,2m,4577,80,79,73,81
2016,2m,4585,73,77,70,82
2016,2m,4588,72,74,69,76
2016,2m,4589,74,71,69,72
2016,2m,4591,71,70,73,73
2016,2m,4617,79,64,66,73
2016,2m,4630,77,85,72,85
2016,2m,4631,71,74,71,74
2016,2m,4632,79,76,63,83
2016,2m,4636,72,71,77,77
2016,2m,4644,76,73,69,79
2016,2m,4646,75,80,73,80
2016,2m,4655,77,82,78,82
2016,2m,4656,77,79,72,80
2016,2m,4659,74,75,76,77
2016,2m,4662,71,74,67,76
2016,2m,4663,73,76,64,78
2016,2m,4664,73,75,67,73
2016,2m,4666,73,80,74,82
2016,2m,4667,76,78,71,81
2016,2m,4669,76,77,73,78
2016,2m,4672,76,80,75,82
2016,2m,4677,71,79,70,81
2016,2m,4679,74,74,71,77
2016,2m,4680,71,76,63,76
2016,2m,4686,76,78,69,79
2016,2m,4687,79,,71,79
2016,2m,4688,76,73,70,74
2016,2m,4689,76,72,73,78
2016,2m,4691,72,67,64,71
2016,2m,4694,76,77,75,82
2016,2m,4698,73,78,71,80
2016,2m,4700,76,75,72,82
2016,2m,4702,71,71,68,75
2016,2m,4703,74,66,65,73
2016,2m,4706,67,63,60,66
2016,2m,4707,70,64,67,70
2016,2m,4708,71,68,64,71
2016,2m,4709,69,66,58,71
2016,2m,4715,70,70,58,70
2016,2m,4717,76,76,66,75
2016,2m,4733,74,,68,72
2016,2m,4762,75,79,74,79
2016,2m,4778,74,76,72,77
2016,2m,4779,75,81,77,81
2016,2m,4782,76,82,72,81
2016,2m,4785,76,84,69,81
2016,2m,4790,79,87,72,84
2016,2m,4796,75,77,67,74
2016,2m,4798,75,77,77,82
2016,2m,4805,74,70,69,78
2016,2m,4822,80,87,71,90
2016,2m,4824,76,71,70,77
2016,2m,4825,73,69,67,75
2016,2m,4829,71,66,60,70
2016,2m,4868,74,76,71,74
2016,2m,4870,72,75,77,82
2016,2m,4871,73,83,78,85
2016,2m,4897,72,71,67,79
2016,2m,4922,77,75,73,84
2016,2m,4925,73,70,74,75
2016,2m,4948,76,72,66,76
2016,2m,4949,73,69,70,74
2016,2m,4951,73,69,66,73
2016,2m,4969,71,71,68,72
2016,2m,4973,74,83,76,84
2016,2m,4975,76,78,72,80
2016,2m,4977,73,71,66,78
2016,2m,4982,71,69,63,74
2016,2m,4983,73,79,70,79
2016,2m,5002,72,74,74,81
2016,2m,5021,71,68,66,73
2016,2m,5024,77,82,78,80
2016,2m,5026,75,72,75,75
2016,2m,5048,71,70,74,75
2016,2m,5057,79,80,79,88
2016,2m,5082,71,74,69,75
2016,2m,5083,79,83,75,85
2016,2m,5084,74,72,74,76
2016,2m,5104,68,71,68,74
2016,2m,5105,76,74,74,79
2016,2m,5107,70,82,71,87
2016,2m,5122,72,81,77,82
2016,2m,5126,78,80,76,82
2016,2m,5150,82,81,75,84
2016,2m,5153,74,78,70,76
2016,2m,5155,74,72,72,75
2016,2m,5215,75,73,61,77
2016,2m,5216,69,70,65,70
2016,2m,5217,67,65,66,68
2016,2m,5218,75,80,69,79
2016,2m,5219,72,69,70,75
2016,2m,5264,75,76,70,76
2016,2m,5265,77,78,73,80
2016,2m,5266,82,86,77,91
2016,2m,5267,71,73,74,72
2016,2m,5270,68,62,61,65
2016,2m,5274,72,76,73,82
2016,2m,5282,72,69,67,73
2016,2m,5315,75,75,67,75
2016,2m,5323,76,75,72,78
2016,2m,5343,72,76,72,76
2016,2m,5344,76,65,71,74
2016,2m,5374,76,79,72,76
2016,2m,5393,77,78,79,84
2016,2m,5394,77,77,73,77
2016,2m,5434,73,81,71,84
2016,2m,5435,75,76,68,80
2016,2m,5439,74,75,72,80
2016,2m,5440,73,72,67,75
2016,2m,5465,73,80,76,79
2016,2m,5467,74,72,74,78
2016,2m,5507,74,76,73,81
2016,2m,5509,74,85,80,82
2016,2m,5565,68,69,65,73
2016,2m,5566,76,74,79,80
2016,2m,5567,71,72,70,76
2016,2m,5568,71,70,67,73
2016,2m,5569,70,65,68,68
2016,2m,5570,72,76,72,77
2016,2m,5574,73,71,65,75
2016,2m,5590,75,73,73,77
2016,2m,5597,78,68,76,75
2016,2m,5613,69,69,65,73
2016,2m,5652,75,79,77,79
2016,2m,5653,78,,83,88
2016,2m,5654,71,79,69,78
2016,2m,5655,75,79,68,79
2016,2m,5656,74,74,76,78
2016,2m,5658,70,68,62,67
2016,2m,5659,73,75,63,71
2016,2m,5661,77,84,80,83
2016,2m,5662,70,79,73,79
2016,2m,5663,75,73,71,75
2016,2m,5666,74,79,71,79
2016,2m,5669,75,81,67,78
2016,2m,5670,74,83,72,82
2016,2m,5703,71,69,67,66
2016,2m,5713,69,70,65,68
2016,2m,5720,74,79,78,80
2016,2m,5729,75,82,77,84
2016,2m,5806,67,,65,
2016,2m,5808,77,83,77,86
2016,2m,5810,74,77,71,79
2016,2m,5812,75,80,69,78
2016,2m,5813,79,79,75,80
2016,2m,5814,76,75,62,73
2016,2m,5816,75,79,73,80
2016,2m,5823,73,69,71,69
2016,2m,5879,70,66,69,68
2016,2m,5897,72,77,73,81
2016,2m,5921,71,76,74,79
2016,2m,5923,75,,77,
2016,2m,5957,74,76,76,76
2016,2m,5959,76,77,70,76
2016,2m,5992,69,67,67,71
2016,2m,6007,68,76,71,76
2016,2m,6027,77,76,76,81
2016,2m,6051,75,80,73,81
2016,2m,6052,82,85,80,90
2016,2m,6070,71,77,69,80
2016,2m,6084,78,83,72,84
2016,2m,6085,70,76,70,74
2016,2m,6087,66,75,64,71
2016,2m,6112,75,81,72,82
2016,2m,6113,73,66,68,77
2016,2m,6115,69,72,68,80
2016,2m,6118,77,76,68,80
2016,2m,6119,70,73,71,73
2016,2m,6120,77,88,79,90
2016,2m,6122,76,,72,75
2016,2m,6135,72,78,69,74
2016,2m,6161,77,79,73,82
2016,2m,6163,73,76,73,81
2016,2m,6188,73,85,77,82
2016,2m,6210,71,77,77,81
2016,2m,6223,74,75,69,82
2016,2m,6230,66,63,64,67
2016,2m,6252,77,77,78,79
2016,2m,6253,74,75,66,79
2016,2m,6267,72,78,74,83
2016,2m,6269,65,75,69,74
2016,2m,6270,72,66,75,75
2016,2m,6301,76,76,68,74
2016,2m,6302,72,77,71,78
2016,2m,6336,73,79,68,82
2016,2m,6348,77,79,73,79
2016,2m,6397,74,74,71,75
2016,2m,6452,75,75,73,79
2016,2m,6465,72,78,68,75
2016,2m,6496,80,,77,78
2016,2m,6497,72,70,73,76
2016,2m,6584,71,75,68,77
2016,2m,6585,73,77,73,78
2016,2m,6586,73,75,71,78
2016,2m,6641,71,72,69,75
2016,2m,6643,79,86,78,87
2016,2m,6644,75,80,72,83
2016,2m,6649,74,73,66,76
2016,2m,6650,75,,66,74
2016,2m,6708,74,67,67,72
2016,2m,6751,75,72,72,73
2016,2m,6752,71,73,70,75
2016,2m,6753,72,77,67,81
2016,2m,6754,70,,69,77
2016,2m,6755,71,69,62,75
2016,2m,6757,71,65,59,65
2016,2m,6766,72,73,69,79
2016,2m,6770,73,,63,71
2016,2m,6826,75,87,76,89
2016,2m,6828,75,76,70,75
2016,2m,6829,76,75,73,80
2016,2m,6830,75,80,68,82
2016,2m,6832,78,83,74,86
2016,2m,6835,74,77,69,73
2016,2m,6836,81,75,70,79
2016,2m,6843,75,82,78,86
2016,2m,6844,77,80,78,83
2016,2m,6846,71,70,66,69
2016,2m,6853,71,64,62,63
2016,2m,6895,75,82,77,80
2016,2m,6896,76,88,75,87
2016,2m,6897,75,72,69,73
2016,2m,6899,74,,74,77
2016,2m,6922,72,78,74,77
2016,2m,6925,69,79,69,79
2016,2m,6929,74,75,76,79
2016,2m,6983,69,70,66,77
2016,2m,7004,77,81,78,84
2016,2m,7006,75,76,74,79
2016,2m,7015,72,70,70,75
2016,2m,7031,76,78,81,80
2016,2m,7044,76,77,73,81
2016,2m,7049,72,76,76,76
2016,2m,7085,74,82,82,80
2016,2m,7102,71,71,68,73
2016,2m,7128,80,80,70,80
2016,2m,7129,73,80,73,79
2016,2m,7135,67,66,67,67
2016,2m,7180,82,87,76,86
2016,2m,7181,77,,78,80
2016,2m,7200,73,76,75,78
2016,2m,7236,73,75,75,75
2016,2m,7240,71,61,64,64
2016,2m,7276,76,78,71,82
2016,2m,7299,77,74,72,77
2016,2m,7325,72,75,62,78
2016,2m,7326,72,69,66,75
2016,2m,7328,70,68,68,74
2016,2m,7329,75,75,72,78
2016,2m,7331,74,76,67,78
2016,2m,7388,74,78,73,81
2016,2m,7401,79,83,68,86
2016,2m,7406,77,82,76,89
2016,2m,7414,75,71,71,76
2016,2m,7415,77,83,80,83
2016,2m,7416,77,80,71,86
2016,2m,7435,74,79,73,83
2016,2m,7441,71,73,71,82
2016,2m,7470,76,80,72,84
2016,2m,7505,72,70,68,75
2016,2m,7536,75,76,73,81
2016,2m,7542,74,76,78,82
2016,2m,7544,75,73,75,76
2016,2m,7572,77,,77,87
2016,2m,7578,76,81,71,80
2016,2m,7614,67,70,68,64
2016,2m,7625,72,71,66,73
2016,2m,7626,69,70,69,73
2016,2m,7627,74,76,66,78
2016,2m,7628,72,70,64,71
2016,2m,7629,69,70,65,70
2016,2m,7639,74,76,71,80
2016,2m,7650,70,82,71,86
2016,2m,7651,69,68,64,71
2016,2m,7699,72,74,65,77
2016,2m,7700,78,78,77,89
2016,2m,7701,79,83,74,84
2016,2m,7705,77,,78,88
2016,2m,7706,74,75,71,76
2016,2m,7707,76,73,70,80
2016,2m,7709,74,81,71,81
2016,2m,7717,79,79,78,80
2016,2m,7718,76,79,72,77
2016,2m,7720,69,67,64,71
2016,2m,7722,75,75,80,81
2016,2m,7724,72,63,71,65
2016,2m,7742,75,78,76,85
2016,2m,7743,74,80,74,82
2016,2m,7744,74,72,64,71
2016,2m,7753,72,66,67,75
2016,2m,7772,74,73,72,78
2016,2m,7773,75,75,66,74
2016,2m,7775,80,74,75,83
2016,2m,7776,68,75,78,78
2016,2m,7826,75,75,73,78
2016,2m,7830,73,68,71,69
2016,2m,7872,81,78,84,86
2016,2m,7907,72,79,75,81
2016,2m,7941,70,66,66,71
2016,2m,7942,75,78,73,80
2016,2m,7956,71,71,73,75
2016,2m,7973,76,75,70,78
2016,2m,7989,76,82,68,81
2016,2m,8000,74,84,79,84
2016,2m,8001,74,78,70,78
2016,2m,8002,74,76,71,81
2016,2m,8044,72,72,69,78
2016,2m,8105,75,79,71,79
2016,2m,8108,75,82,73,84
2016,2m,8109,76,80,69,83
2016,2m,8111,69,78,73,79
2016,2m,8162,74,79,73,80
2016,2m,8174,70,,73,80
2016,2m,8194,70,79,67,82
2016,2m,8206,70,70,69,72
2016,2m,8255,77,81,75,83
2016,2m,8309,74,74,73,80
2016,2m,8310,68,70,75,74
2016,2m,8331,71,70,68,77
2016,2m,8339,81,66,75,82
2016,2m,8345,72,74,67,73
2016,2m,8352,73,71,69,75
2016,2m,8365,73,79,72,82
2016,2m,8367,75,80,74,80
2016,2m,8369,77,74,70,81
2016,2m,8375,71,70,69,78
2016,2m,8391,69,70,58,68
2016,2m,8392,73,75,76,80
2016,2m,8394,75,70,71,71
2016,2m,8403,72,79,74,78
2016,2m,8411,70,69,68,75
2016,2m,8421,71,64,72,74
2016,2m,8422,82,87,82,92
2016,2m,8424,71,73,68,76
2016,2m,8425,69,69,68,75
2016,2m,8427,66,71,58,73
2016,2m,8429,72,71,68,75
2016,2m,8430,76,72,72,75
2016,2m,8454,79,77,76,84
2016,2m,8455,73,78,79,83
2016,2m,8457,76,81,74,85
2016,2m,8463,80,84,83,89
2016,2m,8464,74,77,80,78
2016,2m,8474,69,69,69,76
2016,2m,8483,74,73,73,77
2016,2m,8485,72,68,61,77
2016,2m,8487,72,71,64,73
2016,2m,8488,72,67,64,72
2016,2m,8489,74,71,67,76
2016,2m,8490,80,68,64,71
2016,2m,8491,73,62,59,72
2016,2m,8492,75,71,65,77
2016,2m,8494,71,66,64,76
2016,2m,8496,69,69,64,73
2016,2m,8497,71,,69,75
2016,2m,8498,73,58,53,64
2016,2m,8499,72,71,60,77
2016,2m,8500,73,70,64,76
2016,2m,8501,70,65,63,71
2016,2m,8502,74,76,69,78
2016,2m,8503,72,71,69,75
2016,2m,8504,75,72,64,71
2016,2m,8505,73,72,71,73
2016,2m,8506,72,74,66,75
2016,2m,8507,74,70,70,73
2016,2m,8508,73,71,66,72
2016,2m,8510,71,72,72,73
2016,2m,8511,72,68,60,76
2016,2m,8514,76,74,68,77
2016,2m,8518,72,,69,76
2016,2m,8535,71,70,64,71
2016,2m,8542,70,76,68,81
2016,2m,8589,71,71,68,76
2016,2m,8592,71,75,66,78
2016,2m,8598,77,73,67,75
2016,2m,8601,71,73,67,79
2016,2m,8603,79,80,71,86
2016,2m,8604,74,75,67,78
2016,2m,8609,75,78,71,86
2016,2m,8611,71,74,66,79
2016,2m,8613,78,85,69,83
2016,2m,8614,74,75,71,79
2016,2m,8615,71,64,64,71
2016,2m,8616,75,78,73,80
2016,2m,8617,77,78,74,81
2016,2m,8618,74,80,73,83
2016,2m,8620,69,72,56,67
2016,2m,8625,74,68,70,75
2016,2m,8627,72,67,66,70
2016,2m,8629,73,78,66,72
2016,2m,8631,72,66,66,66
2016,2m,8632,75,76,71,79
2016,2m,8634,74,80,71,85
2016,2m,8636,75,83,77,86
2016,2m,8639,72,83,73,78
2016,2m,8643,75,73,66,76
2016,2m,8644,73,67,57,69
2016,2m,8645,74,70,65,77
2016,2m,8649,70,72,65,71
2016,2m,8650,72,69,61,70
2016,2m,8652,75,79,69,79
2016,2m,8654,73,73,57,67
2016,2m,8657,69,63,63,71
2016,2m,8658,76,75,66,78
2016,2m,8666,75,79,72,83
2016,2m,8671,77,79,69,84
2016,2m,8675,74,76,66,75
2016,2m,8676,79,80,77,82
2016,2m,8680,75,79,70,74
2016,2m,8681,74,76,69,81
2016,2m,8682,75,71,67,76
2016,2m,8697,73,74,69,79
2016,2m,8715,73,70,64,67
2016,2m,8724,76,69,50,58
2016,2m,8740,67,74,72,71
2016,2m,8748,76,79,70,85
2016,2m,8750,74,73,70,77
2016,2m,8754,80,77,75,80
2016,2m,8755,76,77,70,77
2016,2m,8756,74,71,62,69
2016,2m,8757,74,73,63,75
2016,2m,8759,72,71,58,72
2016,2m,8761,75,77,67,82
2016,2m,8762,75,77,64,79
2016,2m,8768,78,75,55,72
2016,2m,8769,72,78,67,80
2016,2m,8791,70,73,67,74
2016,2m,8811,72,70,66,73
2016,2m,8812,74,73,69,78
2016,2m,8813,73,80,73,82
2016,2m,8814,72,,62,75
2016,2m,8815,75,76,72,76
2016,2m,8818,77,77,75,80
2016,2m,8819,73,71,62,71
2016,2m,8821,76,78,67,81
2016,2m,8822,74,78,75,78
2016,2m,8825,73,70,64,75
2016,2m,8827,73,75,66,75
2016,2m,8828,73,74,73,80
2016,2m,8833,75,74,65,70
2016,2m,8835,79,79,76,84
2016,2m,8841,72,71,70,76
2016,2m,8846,71,74,65,76
2016,2m,8849,72,75,68,73
2016,2m,8854,77,78,66,83
2016,2m,8860,76,85,74,91
2016,2m,8861,76,80,69,70
2016,2m,8862,74,83,68,85
2016,2m,8863,72,76,72,82
2016,2m,8867,75,79,62,78
2016,2m,8868,68,79,62,75
2016,2m,8869,80,82,75,85
2016,2m,8870,72,76,71,77
2016,2m,8871,79,85,73,88
2016,2m,8872,73,78,67,74
2016,2m,8873,83,85,77,88
2016,2m,8876,70,72,73,82
2016,2m,8877,75,79,76,84
2016,2m,8878,78,86,74,88
2016,2m,8880,80,89,84,89
2016,2m,8883,74,82,72,80
2016,2m,8885,71,77,77,79
2016,2m,8888,74,77,72,85
2016,2m,8892,76,73,71,80
2016,2m,8893,75,78,71,67
2016,2m,8894,70,76,70,80
2016,2m,8895,64,82,69,81
2016,2m,8900,72,73,66,80
2016,2m,8902,81,83,74,84
2016,2m,8903,74,81,69,77
2016,2m,8904,70,87,71,89
2016,2m,8905,75,74,69,78
2016,2m,8906,75,76,77,82
2016,2m,8909,75,79,76,78
2016,2m,8911,80,80,74,76
2016,2m,8914,71,82,74,90
2016,2m,8917,72,75,77,78
2016,2m,8919,76,80,73,81
2016,2m,8921,74,76,68,76
2016,2m,8923,73,75,73,77
2016,2m,8925,71,65,61,73
2016,2m,8926,74,74,65,78
2016,2m,8927,75,77,62,79
2016,2m,8928,74,71,58,76
2016,2m,8930,76,77,72,75
2016,2m,8938,71,68,60,70
2016,2m,8944,72,70,58,69
2016,2m,8945,75,79,76,79
2016,2m,8950,78,76,76,78
2016,2m,8953,75,83,69,85
2016,2m,8954,71,73,65,74
2016,2m,8956,73,,68,88
2016,2m,8959,69,79,64,76
2016,2m,8966,75,77,70,73
2016,2m,8969,74,74,74,73
2016,2m,8972,78,80,73,83
2016,2m,8974,77,80,81,86
2016,2m,8978,73,77,69,79
2016,2m,8979,79,80,73,84
2016,2m,8981,78,80,69,85
2016,2m,8984,71,70,69,76
2016,2m,8988,77,84,76,87
2016,2m,8991,78,83,78,88
2016,2m,8992,77,80,75,83
2016,2m,8995,80,83,85,85
2016,2m,8996,75,81,76,85
2016,2m,8997,70,75,58,77
2016,2m,8998,72,77,67,72
2016,2m,9003,76,80,77,82
2016,2m,9004,72,69,73,76
2016,2m,9006,71,65,66,68
2016,2m,9007,72,65,66,76
2016,2m,9008,68,64,63,76
2016,2m,9020,73,77,64,73
2016,2m,9033,75,78,73,80
2016,2m,9035,71,69,62,79
2016,2m,9038,73,69,54,61
2016,2m,9039,77,80,71,86
2016,2m,9042,73,77,74,80
2016,2m,9046,71,77,78,77
2016,2m,9051,75,78,75,76
2016,2m,9053,72,77,72,76
2016,2m,9054,74,83,79,91
2016,2m,9058,73,73,66,77
2016,2m,9060,70,65,60,72
2016,2m,9061,73,65,61,76
2016,2m,9063,72,74,65,81
2016,2m,9064,74,72,64,75
2016,2m,9065,72,73,61,73
2016,2m,9069,69,65,64,77
2016,2m,9071,77,86,74,85
2016,2m,9072,73,63,61,67
2016,2m,9073,75,74,67,74
2016,2m,9074,75,73,64,76
2016,2m,9075,71,69,61,69
2016,2m,9077,71,67,60,67
2016,2m,9078,71,74,65,76
2016,2m,9082,74,72,68,72
2016,2m,9087,71,65,64,66
2016,2m,9088,72,68,65,70
2016,2m,9100,78,76,64,83
2016,2m,9105,70,61,61,65
2016,2m,9106,69,64,65,69
2016,2m,9107,63,63,59,65
2016,2m,9135,79,77,60,73
2016,2m,9140,76,72,65,70
2016,2m,9146,74,80,64,66
2016,2m,9147,81,77,74,80
2016,2m,9150,73,76,72,74
2016,2m,9151,75,73,55,69
2016,2m,9158,73,72,60,76
2016,2m,9159,75,71,65,71
2016,2m,9164,74,76,65,70
2016,2m,9168,73,76,68,74
2016,2m,9172,67,66,67,69
2016,2m,9177,73,73,62,76
2016,2m,9179,72,68,66,75
2016,2m,9182,71,65,62,67
2016,2m,9184,76,78,72,82
2016,2m,9185,74,73,67,79
2016,2m,9194,72,72,65,71
2016,2m,9200,71,69,64,70
2016,2m,9208,71,72,67,71
2016,2m,9209,75,76,71,81
2016,2m,9213,76,70,71,74
2016,2m,9216,74,83,71,82
2016,2m,9217,80,,81,83
2016,2m,9221,68,77,69,82
2016,2m,9228,67,72,60,70
2016,2m,9230,71,79,61,79
2016,2m,9237,73,73,77,76
2016,2m,9239,73,78,70,76
2016,2m,9244,79,83,75,90
2016,2m,9246,71,76,65,80
2016,2m,9249,75,79,79,80
2016,2m,9250,77,78,76,81
2016,2m,9259,73,72,62,73
2016,2m,9263,74,65,64,65
2016,2m,9267,72,71,68,76
2016,2m,9270,65,74,62,67
2016,2m,9271,77,82,73,80
2016,2m,9276,73,80,68,84
2016,2m,9277,77,77,76,82
2016,2m,9278,69,71,69,70
2016,2m,9281,69,64,58,69
2016,2m,9283,74,64,68,67
2016,2m,9285,79,76,72,82
2016,2m,9288,75,69,60,70
2016,2m,9292,70,64,67,72
2016,2m,9293,72,65,58,67
2016,2m,9294,68,64,63,69
2016,2m,9298,63,,68,59
2016,2m,9312,71,70,63,70
2016,2m,9317,71,75,66,81
2016,2m,9318,74,79,68,81
2016,2m,9324,76,77,79,82
2016,2m,9328,73,69,68,73
2016,2m,9330,73,70,63,73
2016,2m,9331,73,68,61,70
2016,2m,9332,72,70,65,69
2016,2m,9339,71,71,79,77
2016,2m,9340,71,70,58,70
2016,2m,9347,72,73,70,75
2016,2m,9356,72,69,65,73
2016,2m,9362,74,77,70,78
2016,2m,9369,73,78,68,80
2016,2m,9373,75,79,78,84
2016,2m,9377,72,75,65,79
2016,2m,9385,78,83,76,83
2016,2m,9396,77,76,64,80
2016,2m,9405,70,64,63,68
2016,2m,9406,72,69,61,76
2016,2m,9407,76,78,66,81
2016,2m,9408,70,68,64,72
2016,2m,9409,75,73,66,74
2016,2m,9410,71,76,73,79
2016,2m,9411,73,66,66,69
2016,2m,9419,75,73,72,90
2016,2m,9472,73,65,64,69
2016,2m,9474,78,81,74,79
2016,2m,9484,74,75,72,79
2016,2m,9486,72,65,66,72
2016,2m,9487,75,75,66,82
2016,2m,9489,74,76,74,82
2016,2m,9500,71,71,65,70
2016,2m,9502,72,68,71,68
2016,2m,9504,73,74,68,75
2016,2m,9505,72,70,67,73
2016,2m,9509,76,76,72,81
2016,2m,9519,76,72,69,76
2016,2m,9534,73,68,61,73
2016,2m,9553,75,77,71,77
2016,2m,9564,73,72,63,78
2016,2m,9570,77,74,71,83
2016,2m,9579,74,72,61,77
2016,2m,9581,72,68,66,72
2016,2m,9582,73,69,68,77
2016,2m,9583,75,72,70,78
2016,2m,9584,69,73,66,77
2016,2m,9587,77,70,70,66
2016,2m,9599,74,69,68,72
2016,2m,9601,72,62,57,63
2016,2m,9608,73,74,65,76
2016,2m,9634,72,66,70,78
2016,2m,9637,77,82,78,82
2016,2m,9643,69,66,51,55
2016,2m,9646,76,82,74,79
2016,2m,9647,73,73,68,77
2016,2m,9655,73,72,67,79
2016,2m,9656,75,71,67,74
2016,2m,9659,72,64,64,70
2016,2m,9660,79,78,74,82
2016,2m,9665,74,73,70,78
2016,2m,9684,74,82,71,82
2016,2m,9686,75,76,72,84
2016,2m,9687,70,76,69,80
2016,2m,9688,71,60,57,59
2016,2m,9690,68,66,66,68
2016,2m,9693,71,61,60,69
2016,2m,9694,68,75,61,75
2016,2m,9695,70,68,64,75
2016,2m,9697,72,71,66,78
2016,2m,9701,70,,59,68
2016,2m,9722,70,70,62,69
2016,2m,9726,72,70,64,77
2016,2m,9743,60,,56,52
2016,2m,9754,71,70,63,71
2016,2m,9757,68,77,64,72
2016,2m,9758,71,75,69,75
2016,2m,9759,72,76,66,78
2016,2m,9766,75,82,67,84
2016,2m,9767,75,76,66,81
2016,2m,9768,75,76,67,73
2016,2m,9771,71,70,63,66
2016,2m,9779,74,69,66,72
2016,2m,9780,72,64,67,72
2016,2m,9781,73,68,64,72
2016,2m,9784,70,71,64,71
2016,2m,9796,75,78,73,77
2016,2m,9797,77,79,74,78
2016,2m,9799,75,77,74,82
2016,2m,9800,72,73,69,78
2016,2m,9801,73,73,66,73
2016,2m,9810,75,67,66,73
2016,2m,9824,72,74,70,75
2016,2m,9827,78,79,71,85
2016,2m,9828,68,75,66,76
2016,2m,9829,76,76,76,82
2016,2m,9834,70,62,61,65
2016,2m,9841,70,60,59,65
2016,2m,9844,73,71,65,73
2016,2m,9845,73,78,74,82
2016,2m,9852,75,79,75,79
2016,2m,9853,71,73,66,67
2016,2m,9855,72,83,64,72
2016,2m,9860,74,78,72,83
2016,2m,9861,73,76,69,82
2016,2m,9862,73,,68,79
2016,2m,9863,70,63,64,68
2016,2m,9864,75,73,61,75
2016,2m,9865,67,64,65,74
2016,2m,9866,72,69,69,73
2016,2m,9867,73,66,61,73
2016,2m,9887,68,65,57,62
2016,2m,9889,69,63,64,72
2016,2m,9896,73,73,64,78
2016,2m,9897,71,69,61,72
2016,2m,9900,73,67,63,72
2016,2m,9903,76,83,69,79
2016,2m,9905,75,83,76,84
2016,2m,9906,73,73,73,77
2016,2m,9907,78,81,74,82
2016,2m,9909,73,71,68,74
2016,2m,9910,76,85,78,86
2016,2m,9911,74,73,65,75
2016,2m,9912,79,80,69,84
2016,2m,9917,74,66,67,71
2016,2m,9919,72,71,61,72
2016,2m,9923,72,69,57,66
2016,2m,9924,76,86,75,87
2016,2m,9926,78,71,66,74
2016,2m,9930,71,66,68,72
2016,2m,9937,73,79,66,78
2016,2m,9940,73,74,67,79
2016,2m,9942,71,65,65,72
2016,2m,9945,75,79,72,80
2016,2m,9947,73,76,70,81
2016,2m,9950,66,73,63,74
2016,2m,9955,71,72,64,74
2016,2m,9957,73,74,68,79
2016,2m,9959,72,70,71,73
2016,2m,9960,79,84,81,83
2016,2m,9967,78,85,67,83
2016,2m,9970,75,74,66,76
2016,2m,9972,71,75,67,79
2016,2m,9973,70,81,69,78
2016,2m,9979,78,79,67,80
2016,2m,9981,69,74,65,77
2016,2m,9982,75,72,66,78
2016,2m,9985,67,61,59,61
2016,2m,9986,72,72,63,73
2016,2m,10023,73,70,71,74
2016,2m,10030,74,73,70,77
2016,2m,10042,76,75,68,78
2016,2m,10044,74,75,64,82
2016,2m,10052,72,66,58,71
2016,2m,10058,73,68,67,72
2016,2m,10069,74,76,64,73
2016,2m,10073,76,75,62,77
2016,2m,10075,75,67,70,68
2016,2m,10076,74,63,70,68
2016,2m,10077,71,65,65,72
2016,2m,10091,69,64,73,70
2016,2m,10106,69,67,74,71
2016,2m,10126,74,71,70,83
2016,2m,10130,78,80,79,85
2016,2m,10140,76,76,68,78
2016,2m,10158,78,81,77,86
2016,2m,10162,81,79,75,82
2016,2m,10164,72,80,83,89
2016,2m,10187,75,81,72,79
2016,2m,10193,75,83,74,81
2016,2m,10196,75,78,70,81
2016,2m,10199,73,69,69,74
2016,2m,10220,73,62,59,63
2016,2m,10223,74,77,73,81
2016,2m,10224,76,80,68,77
2016,2m,10232,75,77,71,77
2016,2m,10246,74,73,71,77
2016,2m,10248,73,69,64,76
2016,2m,10250,73,67,62,74
2016,2m,10251,74,72,78,81
2016,2m,10252,76,65,63,72
2016,2m,10253,71,70,66,73
2016,2m,10254,75,69,64,68
2016,2m,10255,73,67,63,72
2016,2m,10259,71,67,61,63
2016,2m,10269,72,65,62,74
2016,2m,10313,73,75,61,76
2016,2m,10315,71,74,74,82
2016,2m,10320,69,68,64,69
2016,2m,10329,74,64,71,64
2016,2m,10337,72,80,69,81
2016,2m,10344,75,76,72,72
2016,2m,10350,77,80,66,80
2016,2m,10352,78,82,69,86
2016,2m,10377,73,67,63,68
2016,2m,10385,79,74,75,73
2016,2m,10396,74,74,70,81
2016,2m,10397,72,68,64,73
2016,2m,10399,73,71,67,73
2016,2m,10405,74,76,73,79
2016,2m,10408,75,73,67,73
2016,2m,10419,72,69,62,74
2016,2m,10432,74,65,68,70
2016,2m,10433,72,69,64,70
2016,2m,10450,74,73,69,75
2016,2m,10452,68,66,62,70
2016,2m,10453,70,68,64,73
2016,2m,10455,74,69,71,78
2016,2m,10456,74,70,67,76
2016,2m,10457,70,67,66,73
2016,2m,10470,77,72,67,78
2016,2m,10479,74,74,66,77
2016,2m,10482,70,69,64,70
2016,2m,10484,72,69,68,74
2016,2m,10487,72,77,75,79
2016,2m,10489,74,69,68,76
2016,2m,10492,71,72,63,68
2016,2m,10493,72,70,60,71
2016,2m,10496,73,70,63,75
2016,2m,10500,77,73,77,78
2016,2m,10501,73,68,62,71
2016,2m,10503,72,76,68,74
2016,2m,10505,76,79,68,78
2016,2m,10506,77,72,65,76
2016,2m,10507,75,76,70,81
2016,2m,10512,69,74,67,77
2016,2m,10513,73,81,62,69
2016,2m,10515,74,70,60,70
2016,2m,10516,74,76,69,81
2016,2m,10520,74,76,77,83
2016,2m,10526,74,71,71,74
2016,2m,10540,79,77,65,78
2016,2m,10541,73,75,60,77
2016,2m,10542,74,69,66,70
2016,2m,10543,68,68,58,71
2016,2m,10544,69,65,67,68
2016,2m,10545,70,69,65,77
2016,2m,10551,68,61,65,71
2016,2m,10573,68,69,68,68
2016,2m,10588,71,71,73,76
2016,2m,10592,67,69,67,75
2016,2m,10594,74,73,63,78
2016,2m,10600,74,76,72,79
2016,2m,10604,73,71,68,72
2016,2m,10606,76,75,65,76
2016,2m,10607,66,66,64,73
2016,2m,10608,74,77,66,78
2016,2m,10610,72,76,56,73
2016,2m,10611,72,80,71,74
2016,2m,10615,77,79,63,71
2016,2m,10618,79,77,70,81
2016,2m,10626,71,66,70,73
2016,2m,10628,73,77,67,74
2016,2m,10632,73,70,71,75
2016,2m,10635,73,79,73,80
2016,2m,10638,73,67,69,72
2016,2m,10641,76,67,68,76
2016,2m,10642,71,71,67,76
2016,2m,10645,73,64,66,72
2016,2m,10658,76,80,82,84
2016,2m,10662,70,77,65,70
2016,2m,10663,72,71,72,76
2016,2m,10666,70,71,66,73
2016,2m,10667,74,77,80,82
2016,2m,10669,73,75,66,74
2016,2m,10683,73,,59,
2016,2m,10685,78,81,66,82
2016,2m,10686,72,71,69,76
2016,2m,10696,67,71,67,75
2016,2m,10697,73,71,71,76
2016,2m,10710,76,77,73,82
2016,2m,10711,75,77,69,79
2016,2m,10713,72,76,71,77
2016,2m,10715,74,79,68,72
2016,2m,10717,73,74,65,76
2016,2m,10719,78,84,82,91
2016,2m,10721,71,72,61,74
2016,2m,10723,78,85,80,87
2016,2m,10724,77,82,74,86
2016,2m,10725,70,68,66,72
2016,2m,10726,76,78,77,82
2016,2m,10727,75,64,70,73
2016,2m,10734,73,77,72,78
2016,2m,10735,70,67,66,68
2016,2m,10744,79,86,74,81
2016,2m,10746,72,67,64,73
2016,2m,10749,71,68,72,78
2016,2m,10751,70,64,59,70
2016,2m,10757,69,68,68,71
2016,2m,10772,75,79,76,80
2016,2m,10773,71,73,69,76
2016,2m,10777,75,77,69,74
2016,2m,10780,70,72,66,74
2016,2m,10781,71,68,68,74
2016,2m,10783,70,73,71,78
2016,2m,10792,71,74,68,79
2016,2m,10828,72,75,67,74
2016,2m,10830,75,84,74,88
2016,2m,10831,74,77,71,80
2016,2m,10832,72,75,74,77
2016,2m,10833,75,78,73,82
2016,2m,10834,74,74,66,74
2016,2m,10845,74,72,73,76
2016,2m,10851,70,72,66,73
2016,2m,10854,71,69,70,79
2016,2m,10873,74,65,72,73
2016,2m,10892,75,77,77,77
2016,2m,10900,79,79,64,82
2016,2m,10901,70,74,76,78
2016,2m,10906,74,84,78,81
2016,2m,10911,73,73,68,76
2016,2m,10915,74,76,71,80
2016,2m,10917,81,87,79,90
2016,2m,10962,76,77,70,78
2016,2m,10967,79,76,73,79
2016,2m,10968,73,67,67,69
2016,2m,10970,73,67,70,73
2016,2m,11034,74,65,65,70
2016,2m,11035,77,,71,78
2016,2m,11038,70,70,66,73
2016,2m,11103,74,79,72,77
2016,2m,11105,79,,76,89
2016,2m,11106,79,84,76,84
2016,2m,11107,76,78,73,76
2016,2m,11110,70,73,74,80
2016,2m,11111,71,68,74,75
2016,2m,11130,75,83,72,83
2016,2m,11133,75,72,65,74
2016,2m,11139,71,70,71,75
2016,2m,11144,75,80,78,82
2016,2m,11145,74,86,79,87
2016,2m,11155,75,73,71,79
2016,2m,11157,75,78,71,83
2016,2m,11176,80,85,75,82
2016,2m,11177,74,78,75,81
2016,2m,11199,71,68,63,68
2016,2m,11209,73,,67,80
2016,2m,11214,78,81,76,81
2016,2m,11217,74,76,61,76
2016,2m,11237,72,69,73,82
2016,2m,11240,73,83,71,79
2016,2m,11241,70,75,65,72
2016,2m,11256,79,83,68,84
2016,2m,11265,74,68,70,72
2016,2m,11287,70,73,67,73
2016,2m,11291,75,78,76,80
2016,2m,11336,76,81,78,81
2016,2m,11348,74,76,68,76
2016,2m,11397,77,79,70,78
2016,2m,11400,72,72,74,75
2016,2m,11415,66,71,52,60
2016,2m,11430,74,76,75,83
2016,2m,11498,74,73,68,70
2016,2m,11527,70,68,64,73
2016,2m,11591,73,74,68,73
2016,2m,11608,71,74,71,77
2016,2m,11678,71,76,72,75
2016,2m,11680,79,80,73,86
2016,2m,11681,70,81,73,79
2016,2m,11706,69,67,66,70
2016,2m,11709,75,73,73,77
2016,2m,11716,76,71,65,73
2016,2m,11766,76,81,67,88
2016,2m,11776,72,75,68,78
2016,2m,11805,79,79,73,81
2016,2m,11812,77,67,64,69
2016,2m,11818,75,67,70,73
2016,2m,11831,73,70,66,76
2016,2m,11843,73,74,65,76
2016,2m,11851,71,70,77,74
2016,2m,11855,70,70,65,75
2016,2m,11867,76,67,69,73
2016,2m,11871,72,74,62,70
2016,2m,11883,70,65,69,75
2016,2m,11885,71,71,65,73
2016,2m,11918,74,75,67,80
2016,2m,11923,73,73,67,78
2016,2m,11931,72,67,65,67
2016,2m,11936,73,70,63,76
2016,2m,11947,71,74,66,71
2016,2m,11962,76,72,67,71
2016,2m,11965,73,77,70,83
2016,2m,11968,77,80,72,87
2016,2m,11971,75,74,72,79
2016,2m,11977,74,73,62,69
2016,2m,11994,72,67,71,72
2016,2m,12001,73,72,72,78
2016,2m,12004,75,70,69,73
2016,2m,12005,77,84,77,87
2016,2m,12006,76,77,73,83
2016,2m,12015,73,75,68,79
2016,2m,12024,75,79,66,79
2016,2m,12025,77,88,72,86
2016,2m,12027,80,80,77,82
2016,2m,12031,74,79,77,83
2016,2m,12032,76,74,73,75
2016,2m,12033,75,73,73,78
2016,2m,12036,78,83,74,81
2016,2m,12037,72,78,69,80
2016,2m,12046,78,84,74,79
2016,2m,12050,76,73,73,75
2016,2m,12059,73,78,69,75
2016,2m,12062,74,77,71,81
2016,2m,12063,75,85,72,82
2016,2m,12077,74,73,71,78
2016,2m,12085,78,77,69,78
2016,2m,12086,71,77,72,79
2016,2m,12087,75,79,69,79
2016,2m,12090,71,72,71,76
2016,2m,12094,79,81,76,87
2016,2m,12111,71,68,70,74
2016,2m,12115,70,60,62,64
2016,2m,12117,71,67,64,73
2016,2m,12133,71,75,61,74
2016,2m,12151,72,81,71,82
2016,2m,12177,78,81,78,85
2016,2m,12183,74,81,78,84
2016,2m,12185,72,78,75,81
2016,2m,12192,74,76,76,81
2016,2m,12217,72,71,64,70
2016,2m,12225,74,71,73,77
2016,2m,12234,64,69,49,68
2016,2m,12241,75,80,74,76
2016,2m,12242,72,71,63,70
2016,2m,12260,70,66,68,74
2016,2m,12265,76,85,76,82
2016,2m,12266,69,74,73,78
2016,2m,12295,75,85,70,84
2016,2m,12301,75,76,72,81
2016,2m,12305,73,81,71,81
2016,2m,12309,73,69,63,71
2016,2m,12312,67,77,72,75
2016,2m,12332,69,67,69,72
2016,2m,12336,75,77,78,78
2016,2m,12368,77,81,73,85
2016,2m,12502,78,78,73,77
2016,2m,12504,75,75,71,77
2016,2m,12509,73,73,65,74
2016,2m,12515,75,64,67,67
2016,2m,12518,76,72,66,73
2016,2m,12534,74,77,73,79
2016,2m,12547,73,70,70,73
2016,2m,12551,71,70,70,70
2016,2m,12566,74,74,66,77
2016,2m,12573,76,79,76,77
2016,2m,12587,73,75,70,77
2016,2m,12590,73,80,64,89
2016,2m,12591,72,68,59,71
2016,2m,12594,69,,69,69
2016,2m,12602,75,72,63,73
2016,2m,12603,77,83,77,83
2016,2m,12604,75,79,71,80
2016,2m,12605,72,78,70,75
2016,2m,12610,70,69,58,69
2016,2m,12630,73,76,73,76
2016,2m,12631,75,79,72,82
2016,2m,12636,75,77,70,76
2016,2m,12649,74,78,72,77
2016,2m,12650,75,76,69,78
2016,2m,12652,75,71,66,79
2016,2m,12655,74,76,64,77
2016,2m,12657,76,82,72,80
2016,2m,12658,75,75,66,81
2016,2m,12667,77,79,77,85
2016,2m,12669,77,79,71,79
2016,2m,12672,71,68,65,74
2016,2m,12683,76,,76,71
2016,2m,12686,74,73,70,75
2016,2m,12712,76,79,74,82
2016,2m,12713,76,,84,85
2016,2m,12716,72,74,69,77
2016,2m,12719,76,72,73,78
2016,2m,12720,79,77,76,72
2016,2m,12735,76,68,65,72
2016,2m,12741,75,81,72,78
2016,2m,12747,72,81,74,82
2016,2m,12749,77,75,72,84
2016,2m,12759,79,83,77,80
2016,2m,12762,73,78,65,74
2016,2m,12775,73,69,63,63
2016,2m,12777,64,64,50,54
2016,2m,12781,84,82,75,81
2016,2m,12800,75,87,73,82
2016,2m,12802,78,81,74,79
2016,2m,12823,77,84,70,85
2016,2m,12829,76,77,71,75
2016,2m,12830,72,70,68,72
2016,2m,12832,76,75,65,73
2016,2m,12836,72,77,67,79
2016,2m,12837,73,77,72,79
2016,2m,12838,75,75,73,80
2016,2m,12842,72,69,65,71
2016,2m,12846,78,77,71,80
2016,2m,12851,77,82,77,87
2016,2m,12853,75,80,77,83
2016,2m,12855,76,81,72,81
2016,2m,12864,77,77,72,79
2016,2m,12867,79,81,70,83
2016,2m,12868,78,82,78,86
2016,2m,12876,77,81,69,76
2016,2m,12884,79,71,64,73
2016,2m,12885,76,74,68,76
2016,2m,12891,78,81,77,81
2016,2m,12935,72,73,69,71
2016,2m,12943,74,81,76,85
2016,2m,12958,80,82,74,79
2016,2m,12961,76,73,77,84
2016,2m,12963,75,75,72,76
2016,2m,12966,76,74,71,79
2016,2m,12970,77,73,66,73
2016,2m,12974,74,,56,73
2016,2m,12977,85,89,81,88
2016,2m,12980,78,78,70,79
2016,2m,13103,77,81,74,86
2016,2m,13112,73,80,67,78
2016,2m,13117,75,82,74,77
2016,2m,13125,79,81,77,84
2016,2m,13145,72,70,63,77
2016,2m,13146,77,77,64,82
2016,2m,13149,76,82,73,82
2016,2m,13156,73,75,76,80
2016,2m,13168,71,65,61,70
2016,2m,13178,83,78,76,77
2016,2m,13185,71,70,72,75
2016,2m,13188,75,79,73,80
2016,2m,13190,81,84,60,83
2016,2m,13202,80,90,76,88
2016,2m,13205,75,77,76,86
2016,2m,13220,71,63,60,67
2016,2m,13300,76,73,70,73
2016,2m,13305,76,81,74,73
2016,2m,13313,76,72,72,77
2016,2m,13314,76,84,83,87
2016,2m,13319,78,81,78,84
2016,2m,13324,70,75,68,76
2016,2m,13330,68,75,62,79
2016,2m,13332,68,77,64,74
2016,2m,13333,69,67,61,73
2016,2m,13341,77,74,75,95
2016,2m,13344,73,76,76,81
2016,2m,13352,73,75,70,79
2016,2m,13356,77,83,83,80
2016,2m,13360,74,79,71,80
2016,2m,13361,74,74,73,72
2016,2m,13370,79,84,77,83
2016,2m,13372,71,78,70,74
2016,2m,13373,79,82,79,85
2016,2m,13383,79,79,77,83
2016,2m,13384,73,75,76,75
2016,2m,13387,75,79,74,83
2016,2m,13388,73,71,71,67
2016,2m,13394,71,75,76,80
2016,2m,13416,77,75,63,79
2016,2m,13417,75,83,74,81
2016,2m,13420,74,81,79,87
2016,2m,13426,75,73,68,75
2016,2m,13427,77,79,78,78
2016,2m,13434,78,76,73,82
2016,2m,13437,85,92,77,81
2016,2m,13439,74,73,69,71
2016,2m,13442,71,73,68,73
2016,2m,13445,82,86,74,86
2016,2m,13446,76,76,73,83
2016,2m,13450,78,79,70,77
2016,2m,13461,71,74,71,75
2016,2m,13462,72,76,79,79
2016,2m,13475,73,75,69,79
2016,2m,13486,76,73,67,76
2016,2m,13489,75,77,70,81
2016,2m,13491,75,79,73,82
2016,2m,13503,69,76,71,72
2016,2m,13504,74,69,72,72
2016,2m,13513,74,76,71,79
2016,2m,13527,79,85,68,88
2016,2m,13535,77,75,74,80
2016,2m,13542,79,94,85,90
2016,2m,13545,75,75,76,74
2016,2m,13551,74,69,72,75
2016,2m,13553,75,83,65,75
2016,2m,13558,79,84,71,84
2016,2m,13561,77,81,78,83
2016,2m,13565,79,,79,86
2016,2m,13573,75,79,73,76
2016,2m,13574,75,81,69,80
2016,2m,13576,69,,72,77
2016,2m,13582,73,79,66,77
2016,2m,13587,74,67,71,69
2016,2m,13590,71,69,69,74
2016,2m,13604,74,83,78,82
2016,2m,13606,74,74,71,79
2016,2m,13610,78,90,81,94
2016,2m,13621,75,83,75,83
2016,2m,13626,74,72,62,74
2016,2m,13627,71,82,77,85
2016,2m,13633,79,85,79,86
2016,2m,14202,80,88,91,93
2016,2m,14206,71,75,70,76
2016,2m,14210,76,72,65,76
2016,2m,14211,73,71,67,71
2016,2m,14215,77,74,67,79
2016,2m,14217,78,76,70,83
2016,2m,14232,74,79,71,82
2016,2m,14233,74,79,69,77
2016,2m,14237,72,74,69,75
2016,2m,14249,81,89,84,90
2016,2m,14260,74,80,75,76
2016,2m,14270,74,78,77,76
2016,2m,14280,78,82,84,89
2016,2m,14284,77,84,72,82
2016,2m,14288,76,80,66,82
2016,2m,14299,71,81,74,79
2016,2m,14313,74,,74,72
2016,2m,14314,73,82,73,72
2016,2m,14315,69,74,62,77
2016,2m,14316,69,76,73,76
2016,2m,14324,71,56,49,63
2016,2m,14332,81,86,81,87
2016,2m,14334,76,78,72,80
2016,2m,14336,66,65,61,62
2016,2m,14348,73,83,76,83
2016,2m,14359,76,77,75,80
2016,2m,14363,74,,60,76
2016,2m,14365,74,69,65,75
2016,2m,14373,70,,63,72
2016,2m,14375,68,75,70,75
2016,2m,14379,79,77,74,77
2016,2m,14380,83,86,77,88
2016,2m,14381,74,78,68,76
2016,2m,14387,73,60,67,72
2016,2m,14397,70,76,70,79
2016,2m,14400,70,66,62,69
2016,2m,14413,75,81,78,84
2016,2m,14416,78,78,75,80
2016,2m,14418,68,76,67,78
2016,2m,14420,76,76,69,76
2016,2m,14428,80,,67,
2016,2m,14466,78,78,76,80
2016,2m,14470,70,69,63,72
2016,2m,14476,77,81,80,85
2016,2m,14487,73,74,70,75
2016,2m,14490,73,75,79,77
2016,2m,14494,69,82,58,74
2016,2m,14498,78,86,77,88
2016,2m,14502,74,79,70,84
2016,2m,14504,77,76,67,70
2016,2m,14506,77,79,77,80
2016,2m,14508,75,68,41,56
2016,2m,14510,72,74,70,74
2016,2m,14511,78,,69,69
2016,2m,14514,70,80,75,79
2016,2m,14523,77,74,69,76
2016,2m,14526,75,69,61,69
2016,2m,14527,76,81,73,81
2016,2m,14534,73,78,73,80
2016,2m,14537,74,80,72,78
2016,2m,14538,76,79,69,83
2016,2m,14541,74,79,81,81
2016,2m,14552,74,74,74,81
2016,2m,14565,71,67,71,71
2016,2m,14568,75,82,74,85
2016,2m,14580,76,73,60,68
2016,2m,14594,72,75,66,78
2016,2m,14599,77,77,74,82
2016,2m,14605,77,85,81,86
2016,2m,14606,73,77,66,75
2016,2m,14608,75,80,83,84
2016,2m,14614,78,85,67,85
2016,2m,14622,74,81,70,78
2016,2m,14626,76,73,71,74
2016,2m,14629,71,73,62,75
2016,2m,14641,74,70,64,69
2016,2m,14642,75,83,72,82
2016,2m,14643,75,74,75,74
2016,2m,14657,64,74,46,70
2016,2m,14659,76,68,58,66
2016,2m,14670,75,70,67,75
2016,2m,14671,68,70,69,70
2016,2m,14673,75,79,77,82
2016,2m,14674,73,,69,79
2016,2m,14675,70,69,62,69
2016,2m,14677,73,73,69,76
2016,2m,14687,73,,76,82
2016,2m,14697,75,76,67,76
2016,2m,14699,76,80,76,82
2016,2m,14703,75,80,76,84
2016,2m,14707,76,80,68,80
2016,2m,14716,68,74,66,78
2016,2m,14717,78,79,69,79
2016,2m,14720,71,73,69,74
2016,2m,14750,78,74,67,70
2016,2m,14751,77,79,72,83
2016,2m,14764,74,79,74,84
2016,2m,14770,73,78,62,75
2016,2m,14771,73,78,69,78
2016,2m,14773,76,77,73,79
2016,2m,14775,76,69,69,77
2016,2m,14778,76,,74,81
2016,2m,14779,75,81,75,87
2016,2m,14782,71,78,75,80
2016,2m,14783,73,64,62,63
2016,2m,14788,67,64,65,68
2016,2m,14790,73,76,71,76
2016,2m,14818,70,69,63,75
2016,2m,14819,77,91,80,93
2016,2m,14820,76,80,78,86
2016,2m,14822,77,84,79,85
2016,2m,14823,78,,67,85
2016,2m,14825,72,,64,66
2016,2m,14856,73,79,78,83
2016,2m,14860,82,71,77,79
2016,2m,14865,70,76,59,71
2016,2m,14866,78,83,78,87
2016,2m,14868,75,75,70,76
2016,2m,14870,68,65,61,63
2016,2m,14877,70,66,71,73
2016,2m,14879,74,75,72,78
2016,2m,14881,76,77,79,84
2016,2m,14885,78,81,74,82
2016,2m,14901,72,77,59,74
2016,2m,14902,75,77,60,71
2016,2m,14912,76,,79,87
2016,2m,14913,74,73,69,77
2016,2m,14922,67,66,64,75
2016,2m,14923,90,,55,
2016,2m,14952,73,75,69,80
2016,2m,15502,72,71,69,74
2016,2m,15510,77,83,86,86
2016,2m,15521,82,90,79,89
2016,2m,15522,73,69,68,74
2016,2m,15524,78,77,70,81
2016,2m,15534,73,76,74,73
2016,2m,15554,76,80,70,77
2016,2m,15564,80,83,82,88
2016,2m,15576,80,85,78,93
2016,2m,15583,72,73,74,79
2016,2m,15589,81,,81,87
2016,2m,15596,73,72,76,77
2016,2m,15600,78,74,72,79
2016,2m,15601,75,78,71,81
2016,2m,15610,76,83,75,83
2016,2m,15621,76,87,73,89
2016,2m,15624,75,78,73,80
2016,2m,15627,72,75,67,79
2016,2m,15631,79,80,77,84
2016,2m,15633,75,78,73,79
2016,2m,15643,70,74,66,77
2016,2m,15646,72,70,69,71
2016,2m,15657,75,81,68,80
2016,2m,15662,72,77,72,76
2016,2m,15664,77,85,80,80
2016,2m,15676,69,68,53,66
2016,2m,15682,73,75,70,78
2016,2m,15683,78,78,77,80
2016,2m,15684,76,84,76,85
2016,2m,15690,80,89,84,92
2016,2m,15700,76,79,74,84
2016,2m,15707,75,64,62,70
2016,2m,15720,73,78,73,79
2016,2m,15722,77,88,69,89
2016,2m,15726,76,78,74,77
2016,2m,15731,74,77,78,81
2016,2m,15739,73,77,79,76
2016,2m,15744,76,79,70,80
2016,2m,15745,76,73,77,70
2016,2m,15746,75,70,60,66
2016,2m,15750,76,72,66,81
2016,2m,15758,82,85,73,85
2016,2m,15759,71,66,69,75
2016,2m,15767,79,69,76,72
2016,2m,15769,71,71,69,75
2016,2m,15774,70,,69,
2016,2m,15775,78,77,74,82
2016,2m,15781,72,71,66,73
2016,2m,15787,76,79,73,77
2016,2m,15792,76,79,70,79
2016,2m,15793,72,74,70,76
2016,2m,15808,75,76,72,80
2016,2m,15809,78,75,72,79
2016,2m,15810,75,75,65,71
2016,2m,15817,77,75,71,75
2016,2m,15820,74,81,78,80
2016,2m,15832,79,79,81,88
2016,2m,15840,73,71,58,73
2016,2m,15843,72,70,71,77
2016,2m,16410,74,81,77,79
2016,2m,16415,74,77,74,79
2016,2m,16417,77,83,79,87
2016,2m,16424,84,86,82,91
2016,2m,16427,75,82,74,86
2016,2m,16431,78,79,76,86
2016,2m,16432,70,75,63,75
2016,2m,16434,77,78,71,85
2016,2m,16441,80,88,77,88
2016,2m,16443,75,73,72,76
2016,2m,16446,71,68,70,74
2016,2m,16448,82,90,81,89
2016,2m,16452,75,75,74,81
2016,2m,16453,76,80,77,84
2016,2m,16459,71,72,67,71
2016,2m,16461,77,66,74,72
2016,2m,16462,69,73,73,74
2016,2m,16467,74,75,72,77
2016,2m,16469,73,75,70,75
2016,2m,16470,74,77,71,81
2016,2m,16476,79,79,76,84
2016,2m,16477,78,84,79,83
2016,2m,16488,74,84,77,83
2016,2m,16489,76,79,78,79
2016,2m,16494,78,77,68,77
2016,2m,16497,74,75,66,75
2016,2m,16502,77,81,73,84
2016,2m,16507,82,91,81,88
2016,2m,16508,76,81,74,81
2016,2m,16509,75,80,71,79
2016,2m,16512,76,82,76,82
2016,2m,16535,80,86,83,86
2016,2m,16541,77,78,72,81
2016,2m,16549,76,76,76,80
2016,2m,16550,76,74,69,76
2016,2m,16551,73,72,72,69
2016,2m,16564,82,80,84,88
2016,2m,16570,80,82,87,88
2016,2m,16582,79,81,83,86
2016,2m,16583,78,82,81,87
2016,2m,16587,74,74,74,78
2016,2m,16588,69,78,70,74
2016,2m,16600,76,83,81,84
2016,2m,16604,76,84,70,79
2016,2m,16608,74,74,70,76
2016,2m,16627,77,82,78,80
2016,2m,16634,77,86,83,85
2016,2m,16642,73,76,71,78
2016,2m,16644,77,83,81,86
2016,2m,16652,76,84,83,87
2016,2m,16656,71,56,47,
2016,2m,16658,75,78,72,77
2016,2m,16676,75,73,70,73
2016,2m,16678,74,81,78,84
2016,2m,16685,77,76,65,79
2016,2m,16697,73,80,83,84
2016,2m,16716,77,85,76,86
2016,2m,16728,76,75,78,76
2016,2m,16729,74,68,68,71
2016,2m,16730,76,77,76,76
2016,2m,16748,79,84,81,85
2016,2m,16749,72,66,65,73
2016,2m,16751,77,86,81,85
2016,2m,16754,73,71,73,78
2016,2m,16756,75,74,74,78
2016,2m,16793,75,75,71,76
2016,2m,16798,68,,64,69
2016,2m,16807,76,77,69,81
2016,2m,16830,69,71,62,78
2016,2m,16843,75,74,72,81
2016,2m,16844,78,86,78,88
2016,2m,16886,70,66,66,72
2016,2m,16896,70,72,54,63
2016,2m,16923,71,70,62,69
2016,2m,16927,78,81,75,84
2016,2m,16932,79,81,66,82
2016,2m,16942,74,80,83,82
2016,2m,16945,76,70,67,64
2016,2m,16958,73,74,69,83
2016,2m,16985,72,85,79,87
2016,2m,17600,77,76,74,81
2016,2m,17605,75,75,73,78
2016,2m,17606,76,81,75,82
2016,2m,17607,74,77,64,78
2016,2m,17634,74,76,65,76
2016,2m,17635,78,84,75,84
2016,2m,17643,74,,70,
2016,2m,17657,71,68,62,73
2016,2m,17658,75,88,78,88
2016,2m,17660,79,87,75,90
2016,2m,17662,71,74,75,76
2016,2m,17687,79,83,73,88
2016,2m,17702,73,80,68,76
2016,2m,17708,77,75,63,80
2016,2m,17719,79,90,80,83
2016,2m,17725,84,87,78,89
2016,2m,17728,77,80,73,76
2016,2m,17734,76,76,72,77
2016,2m,17735,75,80,71,81
2016,2m,17736,74,75,73,78
2016,2m,17737,71,77,68,75
2016,2m,17750,75,76,67,83
2016,2m,17764,72,75,70,83
2016,2m,17765,69,72,67,72
2016,2m,17772,75,78,74,84
2016,2m,17778,71,76,76,79
2016,2m,17782,78,73,73,78
2016,2m,17788,76,77,69,77
2016,2m,17790,75,76,76,82
2016,2m,17793,77,83,78,84
2016,2m,17794,74,79,71,81
2016,2m,17800,76,78,74,77
2016,2m,17812,73,,73,78
2016,2m,17815,79,83,78,88
2016,2m,17817,75,74,74,74
2016,2m,17818,76,73,74,80
2016,2m,17833,77,79,71,82
2016,2m,17838,76,75,73,80
2016,2m,17843,73,77,68,79
2016,2m,17848,72,74,74,76
2016,2m,17850,73,74,63,79
2016,2m,17855,76,81,65,81
2016,2m,17857,76,86,74,88
2016,2m,17858,69,73,67,77
2016,2m,17859,77,79,75,82
2016,2m,17876,79,72,76,74
2016,2m,17877,77,80,76,84
2016,2m,17885,73,76,67,81
2016,2m,17892,77,73,66,85
2016,2m,17893,72,66,70,76
2016,2m,17900,74,76,72,75
2016,2m,17902,76,72,71,76
2016,2m,17903,74,87,88,88
2016,2m,17907,76,70,67,74
2016,2m,17908,75,81,74,81
2016,2m,17912,70,72,67,76
2016,2m,17918,76,77,73,78
2016,2m,17920,74,81,77,82
2016,2m,17922,74,82,74,78
2016,2m,17931,79,76,72,79
2016,2m,18004,73,77,71,77
2016,2m,18007,71,78,68,76
2016,2m,18017,75,72,74,77
2016,2m,18021,67,65,64,63
2016,2m,18028,73,75,75,80
2016,2m,18034,75,78,70,77
2016,2m,18035,79,84,80,88
2016,2m,18037,72,82,64,82
2016,2m,18049,76,81,76,77
2016,2m,18050,76,85,74,86
2016,2m,18055,68,77,71,90
2016,2m,18066,75,74,67,76
2016,2m,18075,75,79,79,81
2016,2m,18080,70,73,64,74
2016,2m,18087,77,86,82,85
2016,2m,18090,70,75,67,76
2016,2m,18097,76,78,71,82
2016,2m,18112,68,73,66,76
2016,2m,18114,79,84,82,86
2016,2m,18124,75,82,81,85
2016,2m,18126,78,75,85,86
2016,2m,18128,75,75,73,76
2016,2m,18149,74,76,69,77
2016,2m,18163,74,76,59,69
2016,2m,18172,72,72,68,75
2016,2m,18199,74,77,63,80
2016,2m,18218,70,65,64,71
2016,2m,18237,76,78,76,77
2016,2m,19904,65,61,54,53
2016,2m,19906,71,74,68,78
2016,2m,19908,76,77,74,77
2016,2m,19913,76,,75,77
2016,2m,19921,75,71,71,77
2016,2m,19925,74,80,75,82
2016,2m,19952,75,84,73,84
2016,2m,19953,76,78,66,84
2016,2m,19954,77,78,67,75
2016,2m,19959,69,73,67,73
2016,2m,19962,76,82,68,78
2016,2m,19968,75,78,72,76
2016,2m,19972,73,80,68,77
2016,2m,19974,72,71,71,73
2016,2m,19981,74,75,67,78
2016,2m,19983,74,80,77,81
2016,2m,20008,79,76,71,83
2016,2m,20016,74,77,69,77
2016,2m,20025,69,68,61,72
2016,2m,20037,73,73,68,75
2016,2m,20041,76,73,68,77
2016,2m,20048,80,77,66,80
2016,2m,20052,76,,66,77
2016,2m,20053,76,84,73,77
2016,2m,20074,76,76,78,76
2016,2m,20085,71,,57,56
2016,2m,20090,75,81,72,83
2016,2m,20091,74,75,58,71
2016,2m,20095,67,70,62,75
2016,2m,20103,73,76,73,78
2016,2m,20127,68,76,70,77
2016,2m,20129,76,73,68,72
2016,2m,20136,75,73,67,83
2016,2m,20137,76,79,69,80
2016,2m,20139,70,77,67,79
2016,2m,20153,76,78,62,74
2016,2m,20158,70,83,58,77
2016,2m,20159,73,77,71,77
2016,2m,20164,69,76,74,76
2016,2m,20167,75,82,74,82
2016,2m,20173,69,63,59,64
2016,2m,20175,75,77,77,80
2016,2m,20181,72,73,69,75
2016,2m,20184,72,,70,82
2016,2m,20190,72,,69,79
2016,2m,20193,71,87,75,86
2016,2m,20194,82,89,80,86
2016,2m,20205,80,80,76,80
2016,2m,20209,73,72,65,66
2016,2m,20213,77,80,73,81
2016,2m,20219,78,88,84,87
2016,2m,20230,70,78,77,77
2016,2m,20235,73,77,68,77
2016,2m,20248,69,81,74,82
2016,2m,20258,74,78,73,76
2016,2m,20266,81,86,75,86
2016,2m,20274,78,79,80,81
2016,2m,20290,73,77,62,73
2016,2m,20308,74,86,86,83
2016,2m,20348,75,81,72,77
2016,2m,20352,79,81,76,82
2016,2m,20364,81,85,78,88
2016,2m,20376,76,71,68,75
2016,2m,20400,73,81,78,85
2016,2m,20442,79,71,64,65
2016,2m,20461,76,77,77,80
2016,2m,22004,83,,79,
2016,2m,22007,72,84,74,84
2016,2m,22012,70,77,72,78
2016,2m,22014,80,87,80,84
2016,2m,22021,68,64,67,69
2016,2m,22022,72,67,66,72
2016,2m,22024,69,75,70,77
2016,2m,22027,74,67,69,76
2016,2m,22029,73,83,69,75
2016,2m,22050,70,75,65,75
2016,2m,22062,81,83,75,84
2016,2m,22065,75,79,78,83
2016,2m,22083,80,75,77,82
2016,2m,22084,66,71,66,78
2016,2m,22086,73,78,67,75
2016,2m,22097,75,77,68,84
2016,2m,22113,73,75,73,79
2016,2m,22114,74,82,71,82
2016,2m,22140,75,81,73,85
2016,2m,22144,75,81,75,84
2016,2m,22151,72,76,70,80
2016,2m,22155,79,77,72,79
2016,2m,22160,71,74,72,75
2016,2m,22177,79,87,78,89
2016,2m,22191,75,80,81,88
2016,2m,22192,76,77,73,81
2016,2m,22196,80,81,74,83
2016,2m,22200,75,78,78,80
2016,2m,22210,78,84,75,88
2016,2m,22211,71,84,77,81
2016,2m,22218,80,78,78,82
2016,2m,22224,78,77,80,80
2016,2m,22231,74,80,71,80
2016,2m,22234,70,70,70,68
2016,2m,22236,73,79,68,81
2016,2m,22262,76,80,75,80
2016,2m,22270,71,77,65,74
2016,2m,22271,74,79,69,81
2016,2m,22306,77,81,70,80
2016,2m,22309,67,78,76,77
2016,2m,22313,74,75,75,79
2016,2m,22317,75,73,78,80
2016,2m,22322,74,78,72,76
2016,2m,22330,77,84,81,84
2016,2m,22351,78,80,71,81
2016,2m,22356,71,66,64,69
2016,2m,22358,72,,72,81
2016,2m,22372,72,73,71,70
2016,2m,22374,68,71,57,67
2016,2m,22397,73,72,64,72
2016,2m,22398,73,75,65,75
2016,2m,22410,75,79,75,85
2016,2m,22415,76,81,73,82
2016,2m,22434,75,73,68,78
2016,2m,22436,71,76,69,78
2016,2m,22459,68,76,67,80
2016,2m,22461,69,62,67,67
2016,2m,22462,76,79,75,77
2016,2m,22464,72,78,74,81
2016,2m,22467,76,79,72,85
2016,2m,22478,74,,66,83
2016,2m,22483,77,82,77,79
2016,2m,22494,74,80,76,80
2016,2m,22495,73,73,72,76
2016,2m,22496,73,74,75,81
2016,2m,22499,74,76,63,78
2016,2m,22504,69,76,70,80
2016,2m,22505,70,85,73,84
2016,2m,22506,77,75,65,72
2016,2m,22516,71,74,66,76
2016,2m,22523,74,69,67,74
2016,2m,22536,79,80,73,74
2016,2m,22540,71,75,69,75
2016,2m,22542,74,85,72,82
2016,2m,22543,68,67,64,70
2016,2m,22544,69,73,62,76
2016,2m,22553,71,65,64,70
2016,2m,22559,78,86,69,87
2016,2m,22560,71,79,69,75
2016,2m,22564,74,81,76,86
2016,2m,22597,70,77,70,76
2016,2m,22602,73,74,75,76
2016,2m,22609,75,73,66,74
2016,2m,22626,69,73,65,75
2016,2m,22627,79,79,71,86
2016,2m,22629,77,84,74,83
2016,2m,22634,69,68,68,68
2016,2m,22641,71,76,68,85
2016,2m,22655,71,74,65,73
2016,2m,22664,73,72,68,76
2016,2m,22672,73,71,69,77
2016,2m,22674,73,82,72,82
2016,2m,22691,71,77,70,76
2016,2m,22692,75,70,66,81
2016,2m,22702,76,74,77,73
2016,2m,22752,75,82,77,87
2016,2m,22755,72,77,72,81
2016,2m,22758,71,75,72,76
2016,2m,22759,76,,69,70
2016,2m,24201,72,72,72,78
2016,2m,24203,74,77,73,80
2016,2m,24204,76,73,77,74
2016,2m,24206,76,83,75,88
2016,2m,24207,75,77,73,82
2016,2m,24209,76,76,73,77
2016,2m,24212,77,75,61,76
2016,2m,24213,77,81,77,86
2016,2m,24224,72,77,67,74
2016,2m,24230,76,82,76,79
2016,2m,24231,75,75,68,73
2016,2m,24233,76,86,82,93
2016,2m,24240,75,80,67,82
2016,2m,24300,75,72,67,75
2016,2m,24303,73,79,76,78
2016,2m,24305,80,85,76,89
2016,2m,24307,73,81,68,81
2016,2m,24314,77,88,79,90
2016,2m,24316,71,72,65,76
2016,2m,24317,77,81,72,84
2016,2m,24319,72,75,63,72
2016,2m,24324,80,74,69,76
2016,2m,24327,74,76,73,77
2016,2m,24329,75,80,71,85
2016,2m,24338,72,76,71,77
2016,2m,24403,74,74,72,78
2016,2m,24405,70,64,54,64
2016,2m,24407,75,70,75,78
2016,2m,24409,80,88,80,90
2016,2m,24410,71,75,67,76
2016,2m,24423,77,75,72,77
2016,2m,24426,70,72,65,80
2016,2m,24427,80,83,76,90
2016,2m,24438,73,71,70,77
2016,2m,24440,72,71,62,64
2016,2m,24443,76,71,74,81
2016,2m,24444,67,68,70,70
2016,2m,24446,78,79,76,83
2016,2m,24448,69,66,66,74
2016,2m,24473,74,78,72,80
2016,2m,24482,77,80,78,84
2016,2m,24486,74,80,72,79
2016,2m,24491,70,81,71,85
2016,2m,24494,73,69,59,74
2016,2m,24496,74,74,68,82
2016,2m,24498,77,84,81,87
2016,2m,24506,80,80,62,86
2016,2m,24599,76,75,73,83
2016,2m,24623,74,69,71,73
2016,2m,24624,77,81,73,90
2016,2m,24625,76,74,62,73
2016,2m,24626,72,72,65,74
2016,2m,24638,68,64,61,67
2016,2m,24648,73,76,66,80
2016,2m,24652,72,79,74,85
2016,2m,24666,74,72,72,72
2016,2m,24670,81,80,69,69
2016,2m,24671,69,78,49,75
2016,2m,24675,74,85,74,85
2016,2m,24678,70,63,59,67
2016,2m,24685,72,68,67,72
2016,2m,24686,72,63,64,65
2016,2m,24689,77,72,67,71
2016,2m,24690,73,81,79,83
2016,2m,24699,72,79,72,79
2016,2m,24713,75,72,65,73
2016,2m,24714,73,70,65,71
2016,2m,24715,75,80,71,79
2016,2m,24717,75,74,70,81
2016,2m,24718,66,76,67,79
2016,2m,24719,75,74,71,78
2016,2m,24721,76,77,72,78
2016,2m,24725,77,74,62,61
2016,2m,24730,75,73,70,73
2016,2m,24733,77,81,75,84
2016,2m,24751,71,75,69,76
2016,2m,24756,74,72,62,81
2016,2m,24759,78,87,72,89
2016,2m,24761,66,67,57,54
2016,2m,24762,76,79,72,85
2016,2m,24766,75,78,65,76
2016,2m,24767,72,72,67,75
2016,2m,24769,74,78,70,80
2016,2m,24783,77,79,83,75
2016,2m,24789,75,76,67,76
2016,2m,24790,68,67,63,67
2016,2m,24795,73,78,64,78
2016,2m,24798,68,70,75,76
2016,2m,24800,68,66,67,65
2016,2m,24801,68,66,51,63
2016,2m,24812,72,79,68,78
2016,2m,24826,77,78,71,80
2016,2m,24828,69,75,69,78
2016,2m,24836,75,81,74,86
2016,2m,24842,74,73,73,82
2016,2m,24843,75,72,75,79
2016,2m,24864,71,68,62,67
2016,2m,24873,77,79,81,85
2016,2m,24874,73,66,55,57
2016,2m,24878,74,71,68,76
2016,2m,24884,71,73,72,76
2016,2m,24885,73,67,67,70
2016,2m,24889,75,,80,80
2016,2m,24892,75,58,64,59
2016,2m,24894,76,82,74,83
2016,2m,24897,81,77,77,76
2016,2m,24898,71,73,64,70
2016,2m,24907,76,72,74,80
2016,2m,24908,77,74,71,77
2016,2m,24912,80,84,78,87
2016,2m,24913,73,85,81,80
2016,2m,24927,76,82,75,88
2016,2m,24935,75,65,73,77
2016,2m,24944,77,86,80,92
2016,2m,24945,74,76,73,78
2016,2m,24946,76,70,76,78
2016,2m,24956,81,84,76,87
2016,2m,24963,76,75,74,79
2016,2m,24966,72,71,58,64
2016,2m,24971,74,,75,78
2016,2m,24976,77,83,79,86
2016,2m,24977,72,73,67,72
2016,2m,24978,79,77,71,78
2016,2m,24979,79,86,70,88
2016,2m,24985,73,77,66,73
2016,2m,24986,74,75,69,73
2016,2m,24988,78,77,75,85
2016,2m,24995,75,72,62,71
2016,2m,25001,76,78,76,79
2016,2m,25012,75,74,73,79
2016,2m,25025,75,81,74,79
2016,2m,25026,76,79,72,79
2016,2m,25027,70,73,61,65
2016,2m,25028,70,63,56,63
2016,2m,25029,72,67,61,69
2016,2m,25032,73,73,72,75
2016,2m,25038,75,76,73,75
2016,2m,25045,80,86,74,77
2016,2m,25048,76,81,73,83
2016,2m,25050,73,70,65,73
2016,2m,25055,80,85,82,89
2016,2m,25058,79,86,72,87
2016,2m,25059,76,75,66,73
2016,2m,25061,71,,71,74
2016,2m,25065,72,71,69,76
2016,2m,25068,70,60,56,60
2016,2m,25070,77,79,76,83
2016,2m,25071,69,69,65,75
2016,2m,25082,75,75,74,83
2016,2m,25084,74,75,72,78
2016,2m,25085,71,67,57,70
2016,2m,25091,78,74,65,78
2016,2m,25094,73,66,64,66
2016,2m,25095,77,71,65,76
2016,2m,25101,75,75,76,78
2016,2m,25107,71,76,63,72
2016,2m,25114,77,77,74,86
2016,2m,25121,77,71,72,77
2016,2m,25127,75,81,64,81
2016,2m,25130,79,79,78,82
2016,2m,25132,78,71,66,73
2016,2m,25136,71,69,60,71
2016,2m,25138,73,79,64,74
2016,2m,25142,79,78,78,82
2016,2m,25143,75,76,71,78
2016,2m,25153,74,75,68,76
2016,2m,25160,73,78,73,81
2016,2m,25166,70,62,53,63
2016,2m,25171,70,68,62,66
2016,2m,25172,73,69,59,69
2016,2m,25175,72,,63,77
2016,2m,25180,78,87,77,89
2016,2m,25182,68,73,67,74
2016,2m,25185,76,76,70,82
2016,2m,25196,71,71,65,75
2016,2m,25197,73,78,68,79
2016,2m,25198,76,76,71,74
2016,2m,25202,75,74,63,73
2016,2m,25215,74,78,69,77
2016,2m,25218,75,77,77,78
2016,2m,25220,72,72,68,73
2016,2m,25221,73,70,63,75
2016,2m,25223,73,80,75,82
2016,2m,25224,69,74,53,74
2016,2m,25238,68,73,63,67
2016,2m,25241,75,80,73,83
2016,2m,25249,76,74,62,75
2016,2m,25250,81,87,78,90
2016,2m,25256,75,71,71,76
2016,2m,25257,69,,51,
2016,2m,25258,65,60,57,61
2016,2m,25265,68,72,67,72
2016,2m,25269,75,76,71,77
2016,2m,25278,75,83,71,86
2016,2m,25282,78,81,76,85
2016,2m,25300,73,62,49,63
2016,2m,25303,73,73,61,73
2016,2m,25304,70,64,58,68
2016,2m,25310,74,73,75,79
2016,2m,25328,75,76,57,69
2016,2m,25329,75,79,78,82
2016,2m,25330,72,74,68,75
2016,2m,25332,76,84,80,89
2016,2m,25342,73,,75,87
2016,2m,25347,70,69,67,71
2016,2m,25348,72,74,70,82
2016,2m,25349,72,67,68,67
2016,2m,25352,75,79,71,78
2016,2m,25359,69,70,63,64
2016,2m,25367,76,80,78,82
2016,2m,25368,79,78,76,86
2016,2m,25369,74,74,67,74
2016,2m,25371,75,80,74,82
2016,2m,25373,69,64,55,61
2016,2m,25382,74,77,63,75
2016,2m,25386,71,63,63,66
2016,2m,25387,73,73,73,76
2016,2m,25389,72,77,69,77
2016,2m,25393,71,64,61,65
2016,2m,25395,75,77,79,87
2016,2m,25396,75,68,61,72
2016,2m,25402,75,71,65,83
2016,2m,25418,71,75,68,75
2016,2m,25434,75,74,69,77
2016,2m,25439,75,73,66,77
2016,2m,25442,74,78,71,77
2016,2m,25447,64,67,61,75
2016,2m,25448,75,84,79,88
2016,2m,25450,67,68,56,60
2016,2m,25452,74,82,81,84
2016,2m,25454,76,92,78,95
2016,2m,25458,70,63,57,67
2016,2m,25462,73,73,77,80
2016,2m,25464,77,84,77,86
2016,2m,25471,74,68,56,72
2016,2m,25475,72,72,73,78
2016,2m,25477,82,85,81,90
2016,2m,25478,74,75,64,78
2016,2m,25480,73,77,61,77
2016,2m,25481,72,70,66,71
2016,2m,25487,76,75,65,73
2016,2m,25496,72,72,63,77
2016,2m,25501,71,70,65,69
2016,2m,25508,73,74,55,68
2016,2m,25509,78,85,77,91
2016,2m,25520,77,72,66,76
2016,2m,25523,74,69,74,77
2016,2m,25525,73,73,62,70
2016,2m,25526,70,71,63,76
2016,2m,25540,75,73,71,75
2016,2m,25541,75,81,66,76
2016,2m,25542,72,73,70,77
2016,2m,25543,75,71,56,62
2016,2m,25550,74,69,69,70
2016,2m,25556,71,68,71,79
2016,2m,25557,76,83,73,86
2016,2m,25558,77,81,74,82
2016,2m,25562,77,80,74,82
2016,2m,25571,74,71,60,68
2016,2m,25577,73,81,72,81
2016,2m,25580,75,70,67,75
2016,2m,25589,70,73,69,77
2016,2m,25591,72,72,63,77
2016,2m,25592,73,75,67,79
2016,2m,25599,72,67,65,66
2016,2m,25602,79,83,77,82
2016,2m,25611,74,87,79,91
2016,2m,25613,79,77,71,80
2016,2m,25615,73,74,75,83
2016,2m,25625,75,,68,88
2016,2m,25630,78,93,71,86
2016,2m,25640,76,75,72,72
2016,2m,25644,70,65,65,67
2016,2m,25645,74,77,62,76
2016,2m,25650,76,76,74,76
2016,2m,25654,78,79,70,82
2016,2m,25655,68,67,69,68
2016,2m,25666,67,76,59,75
2016,2m,25669,73,77,71,79
2016,2m,25671,72,73,61,80
2016,2m,25675,77,75,67,73
2016,2m,25676,78,80,80,84
2016,2m,25681,74,69,61,68
2016,2m,25692,77,86,73,86
2016,2m,25693,76,,68,83
2016,2m,25695,76,73,64,74
2016,2m,25700,68,63,58,69
2016,2m,25703,74,75,68,78
2016,2m,25704,74,74,68,77
2016,2m,25709,71,64,62,68
2016,2m,25711,68,72,76,76
2016,2m,25712,71,76,68,80
2016,2m,25713,72,83,72,81
2016,2m,25714,73,78,71,80
2016,2m,25716,72,72,62,71
2016,2m,25717,76,73,71,75
2016,2m,25718,72,67,54,60
2016,2m,25722,75,82,73,82
2016,2m,25724,76,85,78,90
2016,2m,25725,76,73,69,78
2016,2m,25727,75,76,67,82
2016,2m,25737,74,77,71,74
2016,2m,25739,72,79,77,84
2016,2m,25749,76,71,68,73
2016,2m,25751,73,74,65,74
2016,2m,25766,71,68,61,68
2016,2m,25767,74,66,47,64
2016,2m,25770,76,77,68,81
2016,2m,25779,74,70,72,78
2016,2m,25781,76,77,76,84
2016,2m,25783,76,74,72,84
2016,2m,25785,67,63,62,62
2016,2m,25790,73,73,65,72
2016,2m,25795,71,,74,76
2016,2m,25798,67,68,55,70
2016,2m,25804,75,73,67,73
2016,2m,25824,78,78,72,82
2016,2m,25825,73,83,71,86
2016,2m,25829,74,75,71,77
2016,2m,25832,78,78,69,80
2016,2m,25842,74,75,59,77
2016,2m,25843,74,77,73,80
2016,2m,25850,72,66,54,62
2016,2m,25852,75,73,69,73
2016,2m,25853,71,60,63,65
2016,2m,25855,79,84,75,86
2016,2m,25865,73,69,62,70
2016,2m,25882,79,72,68,79
2016,2m,25885,74,73,66,77
2016,2m,25894,76,83,72,83
2016,2m,25895,76,76,73,81
2016,2m,25899,73,70,66,70
2016,2m,25916,75,83,73,80
2016,2m,25919,76,,72,81
2016,2m,25921,,,,
2016,2m,25922,74,75,69,77
2016,2m,25926,72,72,67,73
2016,2m,25929,73,81,74,81
2016,2m,25936,72,65,68,69
2016,2m,25944,72,81,69,81
2016,2m,25950,72,74,65,73
2016,2m,25954,67,81,67,84
2016,2m,25960,69,63,64,64
2016,2m,25961,76,79,74,82
2016,2m,25969,75,85,77,87
2016,2m,25984,69,68,65,72
2016,2m,25988,71,68,64,74
2016,2m,25995,75,76,76,80
2016,2m,25999,72,69,67,72
2016,2m,26001,75,72,72,77
2016,2m,26006,74,70,72,73
2016,2m,26012,78,74,77,79
2016,2m,26017,74,73,71,72
2016,2m,26028,76,87,77,80
2016,2m,26033,75,72,67,70
2016,2m,26035,72,76,68,78
2016,2m,26037,68,66,65,73
2016,2m,26045,71,68,59,63
2016,2m,26046,74,75,59,74
2016,2m,26053,73,74,62,69
2016,2m,26075,74,71,69,80
2016,2m,26080,79,86,80,90
2016,2m,26083,72,71,67,76
2016,2m,26084,74,63,68,69
2016,2m,26092,70,67,64,66
2016,2m,26094,68,71,65,72
2016,2m,26110,75,70,61,74
2016,2m,26115,72,71,69,67
2016,2m,26117,75,74,66,77
2016,2m,26134,69,79,56,73
2016,2m,26135,76,78,69,80
2016,2m,26137,76,77,53,67
2016,2m,26150,72,75,70,77
2016,2m,26155,89,89,76,82
2016,2m,26157,69,68,65,70
2016,2m,26164,75,75,67,76
2016,2m,26168,74,62,62,63
2016,2m,26209,73,77,72,75
2016,2m,26213,75,,77,82
2016,2m,26219,69,68,59,67
2016,2m,26228,71,72,70,74
2016,2m,26238,74,,70,80
2016,2m,26254,77,74,75,73
2016,2m,26260,72,69,63,69
2016,2m,26268,72,76,69,76
2016,2m,26269,72,73,76,78
2016,2m,26272,76,77,66,79
2016,2m,26292,73,67,64,72
2016,2m,26303,69,74,71,80
2016,2m,26305,76,90,67,81
2016,2m,26311,75,82,72,76
2016,2m,26324,69,73,71,76
2016,2m,26328,73,79,71,79
2016,2m,26335,78,75,69,75
2016,2m,26365,72,71,66,78
2016,2m,26367,72,68,62,70
2016,2m,26368,70,74,67,78
2016,2m,26372,76,81,82,86
2016,2m,26378,77,73,65,72
2016,2m,26379,74,66,71,70
2016,2m,26381,73,71,63,72
2016,2m,26383,72,74,68,78
2016,2m,26384,76,74,68,78
2016,2m,26399,73,75,73,73
2016,2m,26405,73,74,55,74
2016,2m,26411,69,66,57,66
2016,2m,26416,72,66,57,71
2016,2m,26436,72,68,62,71
2016,2m,26454,75,72,64,73
2016,2m,26465,73,78,64,80
2016,2m,26476,73,68,66,68
2016,2m,26482,79,75,65,72
2016,2m,26499,76,79,69,78
2016,2m,26501,71,74,71,80
2016,2m,26503,70,64,60,65
2016,2m,26507,81,82,77,84
2016,2m,26524,77,81,76,84
2016,2m,26538,73,67,63,70
2016,2m,30003,72,71,65,75
2016,2m,31002,76,,71,79
2016,2m,31005,78,74,70,78
2016,2m,31010,73,79,66,80
2016,2m,31012,74,74,74,70
2016,2m,31030,75,76,63,81
2016,2m,31037,79,86,72,85
2016,2m,31040,76,71,70,76
2016,2m,31042,75,,66,76
2016,2m,31047,66,72,61,63
2016,2m,31052,76,81,68,80
2016,2m,31064,72,66,61,71
2016,2m,31065,70,75,64,76
2016,2m,31066,74,80,72,78
2016,2m,31068,76,69,61,68
2016,2m,31071,76,83,65,85
2016,2m,31074,75,78,64,77
2016,2m,31078,76,86,73,83
2016,2m,31080,69,65,62,65
2016,2m,31083,76,81,68,79
2016,2m,31085,74,81,75,82
2016,2m,31087,73,81,70,82
2016,2m,31103,83,86,78,87
2016,2m,31106,78,87,88,87
2016,2m,31110,74,76,72,80
2016,2m,31116,75,81,73,84
2016,2m,31128,78,82,75,85
2016,2m,31153,76,69,68,71
2016,2m,31161,79,82,82,87
2016,2m,31201,76,80,71,74
2016,2m,31253,74,70,66,76
2016,2m,31258,63,78,70,
2016,2m,31260,74,69,61,70
2016,2m,31264,73,88,76,82
2016,2m,31267,67,81,54,59
2016,2m,31273,70,59,51,48
2016,2m,31276,74,75,66,79
2016,2m,31278,75,77,73,78
2016,2m,31288,73,78,65,78
2016,2m,31290,69,68,61,62
2016,2m,31293,76,79,68,82
2016,2m,31294,79,83,79,88
2016,2m,31295,75,78,67,80
2016,2m,31299,75,86,71,89
2016,2m,31327,71,65,61,64
2016,2m,31340,79,81,75,84
2016,2m,31342,75,78,72,71
2016,2m,31343,73,67,68,73
2016,2m,31345,73,69,67,72
2016,2m,31373,77,76,67,72
2016,2m,31378,75,79,77,80
2016,2m,31379,76,83,75,88
2016,2m,31387,71,66,65,69
2016,2m,31388,73,70,67,71
2016,2m,31392,74,71,76,73
2016,2m,31395,73,66,64,65
2016,2m,31421,81,82,75,81
2016,2m,31432,71,67,60,74
2016,2m,31445,74,73,64,68
2016,2m,31495,69,66,70,72
2016,2m,31499,75,,77,79
2016,2m,31509,68,73,65,66
2016,2m,40023,73,77,72,79
2016,2m,40024,78,92,92,92
2016,2m,40025,71,70,73,74
2016,2m,40027,74,76,69,79
2016,2m,40029,71,76,71,81
2016,2m,40042,73,74,75,77
2016,2m,40064,83,88,80,88
2016,2m,40080,71,71,75,76
2016,2m,40099,70,78,69,79
2016,2m,40102,63,76,69,73
2016,2m,40110,71,73,70,75
2016,2m,40114,73,74,74,80
2016,2m,40125,79,82,75,81
2016,2m,40126,72,70,72,76
2016,2m,40155,71,76,73,79
2016,2m,40194,73,67,74,69
2016,2m,40202,78,82,70,86
2016,2m,40208,76,76,66,83
2016,2m,40230,75,67,64,70
2016,2m,40231,74,72,73,68
2016,2m,40251,74,82,74,84
2016,2m,40252,76,84,75,87
2016,2m,40256,70,,59,66
2016,2m,40278,74,,67,70
2016,2m,40284,71,73,62,76
2016,2m,40285,76,,70,71
2016,2m,40289,77,81,72,83
2016,2m,40295,73,75,66,76
2016,2m,40298,70,70,62,65
2016,2m,40299,76,88,72,87
2016,2m,40301,74,81,73,82
2016,2m,40305,77,83,72,82
2016,2m,40316,68,67,57,64
2016,2m,40319,74,80,75,80
2016,2m,40320,76,80,76,80
2016,2m,40340,75,79,71,80
2016,2m,40343,70,71,68,71
2016,2m,40351,75,75,76,75
2016,2m,40352,74,,66,77
2016,2m,40354,59,75,55,69
2016,2m,40370,73,74,67,78
2016,2m,40371,73,82,71,79
2016,2m,40393,79,86,81,91
2016,2m,40399,71,65,66,68
2016,2m,40403,71,81,75,83
2016,2m,40422,73,75,67,80
2016,2m,40436,65,68,56,59
2016,2m,40455,73,69,58,70
2016,2m,40457,72,70,64,68
